100
05817916509753942515340668993628256194464234311640933640218623011506500386363686970722248969547755160659652488161461803246396961408540835250346763805977320493579199142873742636864852158950127244038859307612264514995152035616084380274480019248208026144134714275749041086546706208276813571747541627714924916135987952570766317569556603294877576377699567190070790301
6049267721867608794221140557875701162426224602175075622656307253727346627543969132660476123762172385566170436192899280605036498292488938052653526523125976538158890507807095526457161606426287483786816826194576751701169878064349826052503431420015908496011224914796958535718517927515181876329791121996354367461425863081545826146883902073813731031844798903222200192181377448955100823824659315373642945503762211511689278336612685571305836986466650956089561230179080707743597703756282667998552196397041584982131172663839673140775448
750160632189340087105336130193399951836997161732818202863170695670729768695265113828269275255840641808860809037236904966404707359088561847278840904981567027905092571509707397094779723623416012643666120602559656241994698769355734585884669408522218521470195669568997047705005111305086548582232327127157675868977402761917387007037106740121790631907470766284540789038108659501166
7256421137836653646448192437318082283763483043674553863641493725801014718952286450572572275973861967294888135891347228618405520337572366515
0399714186230223753948535241045375245388072407375666728171013753108942316418
3386437319347082703941121890875194646795686445608593452980042432927435149504927806568878244457673364659355199857172250928112858158557746923519413018640820164273039172764557099732062239877953162860874775216709365565541647623999440862287262503841084414554651572992854240869270943377266094964702791979024874959222712914600679441431280492118847808190882016146694803082804601490616284729680429075719041294406662979501382239593785194034781144519093740101948285337800763921380034933649572308404817548552093667348469306133773423351892943949469372042356195378495016780625758683094603290207521940522351907752460045864387952395865875998159885393261245159428381961111907422323585214101255230099497359795922471493978990189728105502140892094498244395333328205270458822061096223541577976089340924404282694753848705692840942179070399666485663540439124601725553637850280490331335794851524890474810509676249662568600
083599304932431504556252776695837499885788953988396670756639453222466600325249718527590358290434142407259238077695309361284239697998703223204867775132803730283512530584498038027835073434770717162841877371774914851015067168536419431383405325463893451542118101598776876734334402986186834461532151373727215576720543156500989369549049012667170333557828439868209895706689532569903249593163965939873084245900957848168682388745899446263322395637459016602946343824918371829703010763463402332298922553982766160091006904168522557093932764868963353003989939882484255399571586209736801259576859379120351574745158809840754628125941856980426798144310918526579400799102148921738995701365954265892889865685155764726410116002941288610087456200277867546072956341722381827115120246159961339064772722356287455764624
467154983743580411601984579184247710560105504293364772680567491238588650528309853613187279393621399911205553587141803295730397683600287716176888053179647301305715361380658228334604166815185433881227061308952873821
912628791164559162582135306055915824199381878896781485039865197818230733400536770545848474280988958105332111103212935115517867190610953090183946415685995413252153624374347493741130510527461783872082586462880354822740353405914154525552902328191205683960222817163163355554986740031961
33733399844612071267363064897867590396962710253616360947825738743578149899445293677387013395752793069335762958192196140153616743717300828095925975263005044397295257760820732048899772758716779764869190362002507771564299705759018673083032475364310991849621725547528597731206552318939422076116652291929311198452899708220182025873819156531193980526363238473839724938207643632792450490314510407200701951590205394803417517844691278302455136791117325938125811659302983240988727535387582635269444316348384766003620118226420338509016661709434842247115429919797322
687826860310237808533779982191015133463062944687214032047080128764397286001131908091
4885496634274018447249788837858138473319693844739378027014458647750379233111654977609740469363523771402757441833751820372434
1531011714309210824240565441832120515420636675857867094051455711681125509545223640253972586851908394744419599820421866517650036913343929982224575921309627083956906636613230504136545614197814764631174916821174952546846721440719941339814822896168844794822618514217537782498009082251937862525813478909918290437589831742528771483542040357664608537098684992738707084641961919742436349706255294972522274099208279898485089473653218678951455405444694794681302356181393688748657177385347388442153505303995455553570030467866929613209454880239121547490483858513881936566965539272441204045185250154815764785612047639463279831699384411923856702625341646685968905009647276600
5512755011124071368401400309275026042569237805777233560828849905988366181553937324806657245986605982603806162136374705459942695634248363867977968441690832668417960154857284185561037882105537500416319842524645634343191821007471047323392597302536948419884367029713883557188742831507439754235510823961629478451785926577849341589933803705206072376028959706751458965289920360669759636790643258382478819127034490842906207755864170230136439754908522635677125633362266261581966224673422564847979
182939137682120672989432336133537176394590245526978054656700922102264655285610375212664262014168484888841736291219530417744522944030274304707454196482871855631469790314441878784033317690844372561077555286109029071536741850405666851858728224836942596819768119653985856037650248749901065565106754218092996895846132117257415642201672923761546196781318400937275008783179832975590200835691542433508651066762290019133114333001995807660908191591632161183330458289765780125957641662780072975715632407636146808321173211363208760810183945053375879892433278854912921900437399840037970958131698512115286961250443308337463831452814790323468944038073693374770238264619349008753359029575646595412056629280780527656876426522038905012287759449570254223401319294653
80979035054700131870758454344977708564235330428308765802887262184614178596504801624891549156293577470012169345586713490833652597163436079794640451570083571328878385680405576060805091922972273093987712860084932622755998176114809285026636509605840519962093420478990085439786730964256043284996456893925331252429774701923145521135389767141915622032831714399112175978094027785800036269282416628185230781424745582803014654909335417545681594520682777538466024286814408975278530825061678756549784929276964528398073913395217373598957192056360329486919291127030749068598143353607660234498586337858126235175228409464772089838676050399277477851762750268204012132547794194342593828609748260540264963776759323035259698627651035223781835946087079312455483305533190792295671427302865202774836451306697901847741166
7743
4621987417098384957055747778992318365823516942259046979274138878859223780926365887504373537647531335185197566078512678534105239757701661563862672090265389719932072652178301752111798662978127648805978192546984824625879306213886705057179303690271429703469406488266072062772381904584977362124459625605358266519130066367976294313533361701087688147545043872504339403171199447176483513213320278136374804357870709133342550966540515477324271647923732500281428012594996230286273085732359546073883771612396588962901472100628110631733839800940827514996878901225956492695101775802707992153245525834821273395351630648117504039619492532562636496855508891312208168009728176464572213352738109850535401028882659981259544995601423933649490489369626100700502
767262637529751152691589961100048234287562933381728713759090467471802153610149675762267852819331475591938455276140098071701345573305144817984953365881971948966039382491711157751250432511246809540366589554775125675278034009694299549601110703725538332919578634946912631947233261489798010837836063246072578164590052411292335608729040824322398275846554414493182985398416923351497127627098381402896090089257600395308508424495207569506283190573183927471792482272497698173698370305880898868522762698414446820997135361914876820671581909964085603427323679319468387343531722838033306996287732797019305870444940682003504097425066960093961957618461780077873255499123758251951249301514166
886286660362910603211470804367367684724166888023550275015514234193720456160086034620376985541467661097638537800219507633706159392771283663792716484208893519052621003573105592149814303302134790286197783783640031530520232450526612865975533153197832594636392462626394165150827351848666166978781064093361368271891445253333507314204770758866742965359021402587348678116986993689219390
49908743363544739718085885403291335830086994074751750674895095265542939960007031655927879155886725918155163539616960688930902533826640899150001801103323285332580306224220157163785985038226610311908885654641197977483789566844774814801326798381613416907617791117825805999984776593003342537025035016350274181589491085830913224443165985594617490984174152255984351797623339385384835334110289
176217941048237108048784045232920439895318426493853635344676329292001273027519171595953984425280610791405442609698407227675188929776801302962528239181470927058276558622974960305280364440936065036894031246134784287459107991995087025963909242523811443685802117004081083970480810936463978487419739489257268416182257094782920851
637715654198284908898318336686345288656542213532925594511682745370181444792937769517631828121569305806596778133342797723756080883380859401444079686525281636018097265739157611026757134221608708648809843050774404592727921972747766214553229116789451767245869505959181249816326964495406402760832776460036796554139031888761072868206746560100088564682913615306145943065812948564368330865611627140660513465042323006760552241738851944077684044820
8897809012705845644940487167689507361355916341659867009124812432278264061635985230019431453029293038227178064216186740236625672345227967821841385435708786925434674997467842973209088118961614260435823905317370396751067292626778252832206620043105846647994394904200523733068518664252026855791733479879651355807197389130080740058656943641954307992424283920596602182040770588550043184347691262092441182014762909601244989604802744553416906765474330350023387063561686452760104596985701927086332691610021325148726566124732973154038058146501254658595418077989466818339291858296
64865994875361730388551477463577950473288908990973644253891111469269149632146117789479400081907139118264538189344594942060769796841169545833916471712753279659403323931662927957766862894365093222771629243175000050707406968481317879112686214726816653028197429860054959304419410069860586211121826704906331557043917440154159100419544733468902950220452876455174590035579504397196998867962704021723933520754285046874297552965182580865885503984452745610720751811425652923091534257924630625039120624147866976877803818354533646655527052937276982614532052287661557191344370086191695264844669937393455560119708800898391362830066476039601492215282935410511518183217876154475620137335176137881949494555744607281835436740456284112876715419150855412318344899329518212875865083254111081757713074645079341719062054726354847396293498903824570743358541387975049343462597901070932856189001576104890600940583496511852093284380495258787713933850478245860963512881518335221281553095817108132006437285036954099184392
3911138495646936073189357758451506570114689827753532775902894528747239259712633828934887974512997857374718781571221252936958391846418320181502150185102149553488761485191573128308372961628664079146994583724280166557826862932724914918994110230459419654625198165890396689190318171732060066585836487781887919990690975666661909912858631640685680621117245740120995509662627080714039398377347726178271020956045812958649405421636303643873721362301153188038908952250283902907075029297241381590009867588638106324039583838498499905002167770428580172992431181631258528529535211699111598321549461691984915707912836969257456033941462139699854626112118829435023676525
0718075947287633309817776300591066868180444763825245360836641928222865913601
792512668371188658481479913767974491352397147975790261710221556876662467974708119244513303439475576398795178274577452986840417098184233531640886571841760776216445436312925902667673946505855663422465766452509528649512191311494873406492857
04463494447393619323563399886686517104290683805222806728226853075531302779607472576183696531668891400471505027928900536963745562111180055213902121565351995526136002659063269843505828095474240176963
87911843252606725559549923686711664127647996469732895574388373457903935829427878756579158428038627042747858185098486399806260908
98219204583946352517676655230597396710771472570845362851329152591842787355694904697658048416612768907525729808107463074219643426150372123929609195533511185603559749136667338588628941106440055385057416211406690901886009382023091139212230077532916345289280063541501237887257728920343548269751637026163524565119489791794024622723501727383509907622151118709398626773316302637392822819809043643713171163603482784009403542669768159297250023781210343317798199044437204009233672986858666161009797302262562432231407144137243459498660080904893699060500233166426639399195225847066450408963465319240408605711504945947104
8185621709693706472598698793980199607010189826514392409640628805156035875225251174094853644145493094474829773012642094520433820791546680672334598433149614167770632640300671224330177030455632399762234072242898034164671940573644902320260811021171746191620376000834829073184874058228304456567930960032909775178208135967491460398874334941131440439349343840039847696185701779374736999380812744691547089423132847231890258072808725556427881158077125820339956787287606473171398216474052219447991272055170870730301595983752719644926759276221709024269737828968007796488556995103708665699793508608334327432979814835484066786446703080652074541026299879821654960200209831718653454715382034963847974757279069733156431959942600227133806761799291453179527006403643324126791691160109873237896886322935848401990559825320820161916656759827773228319694268783495573
05582771063630530476192775347149822135345087746547835502182598198831016456181231348159944307652455037953818976610179336825366568649086757610503916584557290781243952293168642265020875841503948629591725912912029926336877354042511219672205514768334127190346950192712074882968190263252708041994661410668678090227428487731800083122487129641802567278767844406753299820230767297737549956465967872900990790958641049306604194620880778956454159687758754811809140176013352652935637575929226730104460295769941702116600626373140123563766181757099547996773187075284192444373601407059167222867273318264903550192261144073170684005411297242039138214714766895
5486460991344371658506010407335106423261802594251955475961581789053140373881390621422920297886883145623178730634532676271953273385902321866987193349351997493450925750352979556914780508571071225786429120777546992980734014046618959980584523712566047503587485586549887870058642849363478125681027900896009316915717312649171906416157267325161722418023017971797852500199706784397152090221918486273884028814035871058056
3948121012504492327610126914574002551437606267820251819229719573836137176448211870907425645657375268149932285988343316920161540085754879289285508620406229606203767354510353352706409559205792970923527533368032768797572400878490884167414527197200704799313054594443436958990490045364253576203806217003311686553597389607861423548936998089048636341328194530018320054971218669338447957952874772262589177938993128870343743219394183105811106468578060336577306920001887834159522860309514782212442868758848624163830672936909208666209095219280238674688385113305640665552299051687837850634931009455773938677431740923818585868655113299972487283
4109822714894727674251410031760437430786080929472478441721117266275505198337033632131308374099584326793203979450211301389004660525554285634379993788468160936455313567428505449124592592433826058335451028861817421930201576195213616568787990735580257526329000033987847599459513397397316032655911919
09277565767384637694843919044661935878459950008926330055151081226349911999254679849769810318819190730930486253346617790300378242950627804583481601607579564119632243503978101657221651879086151707752462288573916726885993651533808635713784311862222948977145010944680024107100177507147966682524069473656605040246516542254005072374923884798299119
06441110007294362313082472408033733764036183154341023258815206659247625100616085923990962382109346944232521784493846722890002692080857937765541524312128064151870661597617862678025659391912148186941923693372136669353181177307517615939152372721418236396792134625373258625883828650373324484289941727620701249501629727049434900338283383595398405724575310960855297221360133547805349849939037104551347667934653706057501137936783987339202510623122202246823554718627815204100225646271067274215644177889864369789967437334029878871388991003019039496811235387740882379858880072518746243480323714288930139176674353839030339927280320486385172504326541846622310322175973901503683903267796374108627847995655527049670734982247024538882889121893099035270633672367924627467650749871037986991718297033477498940202481914150443994323055915686028779653410963240316480384213928674742189011727760301531075783903474381332072822214146247188818060629008805933659576756987724
1355113806530487280357481639991774761864609275243338837952906519451907042060683170355790519853490055222446788719585509995832400949629887339333007217936060820483049937527814565476669508553505091100535773747478765168247938888571461747716656651247865299223395946976350157298108291979109960710308372557669135864075210855551963949574054502360962960650892056004476068285119093302253443423467575624567867518352800466374009021188739767467341410080438852374685275368602822564314811191474610093579218923307743151851814774916800151903478391626324680747242733350176677498595253120443456029999644867004831688942619075652926517328140807012457238277771339871386139122004580589587566587488934392712954175127389510949186282044910509479117685595466341605819164070059782578662926526923551518302036107417590196706865418040307216190234965552662832823121733033733415375669765173195452738077095895439514727585307693669417682295857700980620442379
929277058039618
12851537572022433244237146431348086694483336518902629507778583945677948603985541569465632944339678598258922853661190454067
10445552288425660086490031447186059910376144476195834715961282465077130555331246888496739744219261902769325535374750906434304659741453585249637096034948977822023069843917464552266734607367395511977746316436222735876870076509665220900842982612005440631333340573034505322878732584681482782095713733232064414384722081703182
080762866228789249309889976359194985775053541728243940264750531217149319464472537760655532712025537728417127793791540965316530948847781412803761659164088676522344720524452926066607508998928310726101
3163309435357525656031939718705780231750854623251498645994422398853501491680050230663425386872739802706748824601839123271333607859680746619670032551624473450871200856
5704228949837422413006262419057249175504606203899972081
341365300597497129054276686376715869041807415
6362730942688490797874410065927785849468257745981283856064288166037955244034656020836775450217433487590317514712400114452197889547765301647862602415413428604388344506006520691464250368533565449727483960436419164155395202836424594463549782416689244440058679331327533943809461922272333370707599662573812377494354363291061416898678703542871200193418709777306080854816257088988697832098048755407660181125476424342424905852012592821719050073413766731861312268807268569141217837034184227794931486679378558478711970079627575291001606405149724185708613360172268609423516480508057505645919391933839444100728297488358258526475815059
88258427704543875842726432290688060710514097141007925878420766889236566912926604417193206351419476897009913469785542697989630743351939340011639423525961575856456830312598666826820526329761982068749596625068728444362118
2235138319907699862674445174352459391279681134627141416188878862488777816388376787716474082497876542985996443608807629255212574525297196026983356955492322566594644366447622845410900960584531647815155341862059858625306171884890858827270477393552586247411549013491811819914472820548006404595005501760934825208324830339394460775349363711618466345668236390203934730446151308641026359642881333023342212545264613343165024096063191573757359283635852556335535741276710126881453825186302070041719466872145351341997310467665953098734924412229784204220033360154117411026371355360237202652284184829907603729794570467995693238977116356501894790038965031958736017080114859379077376691728115864100765827596149540170877401313913476825163225783961752753826857498098756366541324
98166344661135229346934927106309710729877935210868355734248018154761149862767811675584417420015060449737316677561673179579413345512311166181400515815941475760603795951373813420143487671220425198465451636064763920369500705681340406176004610618225555577574793922985924452018859389846779556363119171153125622495934166858545487924972128204339850866981600084435578026270673885704639624476407025109094223407387110372431254875042105214039586737804992767144354795736624362295743407698230829209781083049577753789147201159565259973070085292145717412675047258788365990865877933285568374314601859166420700132320423059626525606055517080646030876715676625627602482458717777800812
81934928465799094964391701819459334052415174008003442742327864995773559542662768343061408256784513532059212191466253733568806442232284975056577875661365880772057677347289589373169263088290452210927070212411643834038864522656922832466428557920722328706931711950338433981427345945431264724747153318395139702089016155511641778218863464784609590557056595532110159773886589224521294596998682948729951647929508704408251956794360
1540274974186105050405437649212389484083749778954002196
9955692560051639863728282466355424126022023467556458390506716282801746875057226469670076816402127371581799897762863487370974877854825869841986133923001709655928679116136116739651124136046236039263726213297767251862962920830126956407449024620498708180259454813873942079306469237716227265797898516737457189232301440538726205997641461737213393347475123395738840052548611003048470182285475774935998595120564241897326907235685469684079951978505858198274341157453410556915114763824533143975400170222595978656382704339857531971046041707547113097922174537548997382899138727474576281441658225825012218772502157305032971413912902976590765351068325311665681508188114619729742229325409698942874827873411092663095870944883030082193892262062069457078420527881971145067431220870520920581677040908362253826813340599149710333883
6666996389353883736770641904932551241163501307563064321829630405404906794673550083342928662090624701171371678558424626450035301123540360360697476518538573926736189729030134784310456903598474651480369381392104238531220239943574373948213977264278089150020595521884101928471668977126531708690667609428031934312418137942926806092652277780722123241295961121420902786097778962988098609584950276778671908364448211359575679954561667748737849891725970689235190160784567226480851321007472819193583055535486843331324368386480254745940334607615282907776862333482245001818146591049789527697371610279367224999285986844228152588931081806783122656280047681811933628147078840490980302196061636069212583298941609939548132515543187657
4863970142605283195869838408586202703660257426089146925590588506338171396603510611342727848402093353723924222229374627936568427341936952260449067155991526131393601972981561155997876690432405815738673880350364321910483355752533997384126795061279963767936146
0127473565156611123025052666450237438458693913977197643375979392438235893278012857050728851986117682124680593720127132522657515108381852219377682548395645653487566496872951159293854848182669175919961926189049980328472745858529115036512988914666940705071568977771604546864750347608899613609408720555368756436401622860872444856165336964909180551916787620137784244
807479703482308973820486973742715988253749718914562264911269436285540217479013128685749733291809862490821182443203969477773599692540751326789686415458918847490764507833637248567904332074105813925092725146085552723990160925830286154545240952775245745802908759676244606534776892679134575828365928835909312662465845432668455430759403402778456430689306023724954805210087105106366541582608893239662421893631019577129600867031821421033735752911245334862247248324553769606750276149580811411392668611011378188693811558444840352413254232012076489892381153042878320811181787015479998618945587701838069807717184053315521431285211492420437168192988817206985371661956515647070318648900451516193662387094595763943859224135451782907139308810538832989154766012250715382133
124680524887339334420522362746615011559236413928782081647201155889869442873867788271242941465399748431741614007971127656495450498475345330788481738387887092080812969723006751126995239255242968099768260965211670735515084291748807846954511560936005024014211098079726497277808109954070958182614885337561295081285126602423579032639639263749941907273908356520343064028803675417587539157178435936190774269898391270644420537431947919980837854034682852369403153401068516820245158625579959155634895724167140829833621479310453850171790417198787803112366
5032414638376462362373678117262432616354525533245606046853861061267302975891860694463713621450297886438652828552716339951177204753985511571586924516366666609074226376227469734903468558586048286970876359848641809625660425031190809805570278248702481457988349428695383704553201370804885294642986762084868594404810618542687181492588939808202339992503033531324641906944015881779544857338359787241623506467178563199478016568292609078686717013199457735627684179238264925457529687603559536835077033422793724312765689524807984711398064549832047207729473753551120134877168963389092828659165673307265709438619439643563817486597783842368249160710827362772489269968362699414909286416537535144467021735137022458848030199188676454986764990865013592917744972369545718000886904324337085016436012780566975293773939115498007200096965247930382415424185758464850151
8976223192302847725320747890124295843981190620073305488240443073205777870935971709597171379182538680626867749552496383270308305732547520785110517459658322113764110904377669952032548625539736013726411333874580358010306301713176673434300558201310338666898805218533873171167911059818806304355732168293975197929344723627340296495261176393347201991697213258948646950017264947725019990529747537682700135922103840667637799928142616791597676315131693158288402312141763175480577388542144057934105686127383779293884370618539553299995345598472242069472791271863642866717899116065435257367751311958681614754426323974321187461120616593145682320405850765355062069905536032610911630156236189108249594493316668125229338813608683683380414889637507416911936733729628794184291995344627998351090973
2176177803082827611574392924012550224526170195353778055453540459111338360683371454023359545206240808744532747657255024440962120588449808443042368241492925219085944726961491539184695035980054260682530420429102678347827558326235785450504131905180738660955794771592642484040950071771461043758484858231689659865995938388822902841949294410535106004317477257497728629907873320585410398227964238602090441799861639901566466137267931652741584769528123040926836329971131663243524321080052075732725286815821273471660522594864047111451185386507373128694212533182109333236396345510239733776250490703788212250311494408468994888917600039134817280344967073665590887411828324974086242297311176409870534164439321594235894108228310671604280510051628285
046956812824107676840710210971832645863438823961125453701503753405674112893857682692041053630536549470827116747411546194600091219337215456693440631179468780924788794324268807932868625279746507373813229241437525042118055513916189835632220403147821532770965062619403601670334534721375784280661441130779584721032358906485194430443651
4584980084740624328800688065029500032101805259653715344087426091861828618275996195698553371187790142150688787645424618130415599112601946575190544327478273556497913543858325541107961431796837458961743921443989043081842165010307422651665491042191891425156465893909036804246087803367296714296262275236668343448895669055748042273680640836881144102557044992987343326893359074350679385601300504503669760931716263530944902859693688080175286852249179846245805409649236876559942769733130053142258537501928764103079514210551015986279360360233301958143564386635656007342776957415012760781100380474631834
083144932090595913497180143884338048799594337833041369892764834449073197750728604361924951693155034302051604000305486595780175226420701295581376371284437962720072354703624227597799555472108034355015231982860510197552354481047511335121803672959628028264955020025148320295530272001277269423469218721890108916833606721791436351567454551978826606470501611750720101535850654727921944044040554619232837647739382516400236948886443668495735562207259915773010879139093929609875088551693346984341807695797302246314811847426435204874763901226808704291015341391676030557962263898390206114625943543414706911839016943928091072813711193475122742661108244930862717859247277499550788233939166234867783099498890175054370328209024749397134586301813596171763917249012220463455597953089681688289240342951375631131076136606083669141732403985124516449854368620581476817310038
05241973785845308379359881794669762474961336706658423167886567376367206555446490375677354588168438502677950972690247646297548980036146388520812407650806962915577453376129732759200911622232518799796774576231328714000003709851616325239709750448022890392011534589996335326762389333536454286327166869910346061873439012365794801162013153360420528314484461376912119525887362792246468378634690590042429344858378717077988007942740947481828035909446417342610515120160644025814946105425385213978544761517588016795400312032025844080807947212939203226291965659742983403047150373091860759113866993777098613381219870883563455365915226871032036791813970806697973960297322322104852505898768974817360911194792117225541934233361284376656343813304197731188542243937434456389661281776542542390428126536660531360069407959545452916657243776294756847633275355691335639599844357595436613
8233194266834805978045606041540037011263108824011670194154335617879195360959946361936656807194467356733958389598415290522456529733734365911366530184028735042394484498636968965003131028074181048907880914535633763681277124410048854945871039461118704686905646831528021826344662322462326759186613301013740286856502906368259963049846481033949
3423702398815390580034037622764970442485657058936933341868496747163249464101238101858505420920533036559723474793849168760260997722719725788580013267870157138820580843469258949881320008644995847756355298563816750164938319632218506611144246055459477848363906604654509702956013894158867137792503267554733205329687977633891101011757555343252809427867650084945331364907764446579627353294668045601304157592982515258443755123006802464049738035209281653081981154797012964725207586936002024745402459382874302006578477817823537853577905407550064184746133293470403934175347162210601619039515161198421849939940001563582252351656807216735927001356485009303779575853383787499101398433287058215020
91914600719488036863893936801445372902770552040189595924233988863549440418896069812064292597994883256764559894623601927930441828836312117994738805948955426248932812272508987304647771819651754144597185914174674100525376269869116867955212590280809109722362381299360915711459671512672694741113524137562842853561348936109706810111266530457174572247535341301805808123758121364917007343017436048721861866525745869620295176794427964237014183115565301197336664053335521438459003903337297665707425823918786543625490928133954420
443309478356852846326427106577475998017588335015616677657182315655180717569083177417936816416469072841384035375026815716202930435438826797642439552314949511272998864895386584967548307768155566872120925097293357824445042197141093313456152907499248534620054932573162634522672704761234698503404693213270684072540256802821413473166170203176251196433137062799273852991553857717082686226234010129931802460609718828800207881341211774519458125616116816274293971053821904825199521552409427106398571601545858
770115054418147990501750403448385905893653055851118161197217581405404085844455041760131931512881369002086984546642556347671831631451747868864660602052310540238143727927181916985712807971792541591146277845317529209905166508133824592490776308550421316435850339021586126667348696878583837881698281805697999697222867415247023416195856871834867945808023969170529328039203193606061421778426974786261961124318112893179707620509248208256884248240543630610349790110236548544498442865384358482633645266272195279359890616836560927597774956657008489925434502149083393427034838595793617087
119468276503068586745956340684768882911489288812172857481534613709815668668645692224927901488508087675998491520062498139900498441806532641993498257574241241097595118430531576710680992385452215820531877418262848990326375777670373633924381102675515063464318002068719578567977428724180623120098842678307992746482085474960814814356250644158039294671134991979610592066226657329424592067307528539517044582473766202793721402525443492931405682965723210353480130970395978861294151382577896019161933998477361402204431386626575983555303672516479407683324082074537974556023510995163837155515136053019481787284763155809799290922145612965862094770942330798470734980324474626592773873331719112336540790322300592371789893852146438352367845110914908167624340211414642499632130763241930712101691662971934611013894613407526165651960137243458786915796552425220682801624837691764472271285612356954312610529089434059547126292363833211483947895092674823081813005037568007402324434328589888722577139736130600074115657060
10154543572360587029039028120822761760872146239558351116660150197802190771495528758437440630379996231369578674788363237166077218020475713009735925592065597176047861576140990109941773435904912004218250912042684335928798328686067641467590072933312062527344561292510772053694461324836615217727609962942077174164915292070002834035006275482556925886573845374030123100562555656702763249069910328560665419929134444127598509813209562601383216159205585520400857518012858110416861272222266937323528857569775143909465231316226974634332530514457916136496181928196244954235903857682863167394774995506492242432565394057082888435058144961778248495590677007100485922114320523018552826033707103560496052513047679255662702227246421681080564877154445822407470102147723904483680342156937466846488927002824412542360079166440812300481324187194672583908838031253863535400976831594944253050273227957409049262719
039151592692104320670128911756514666733328817433424211283044785532976009450093127769487103722470042335671589082241859380461811469670588652473544118269724580853694504453960867915584572376200855649578307742090319264423696853065682338400161151484640022097780041180836830698969286987862364411843633126496663841418333342462579168450599678850598987417973704721979106262736171842335383641997934836483504900122484493359226497353673501672319851643892957600198369970428047426219718017191022896360946687152943609521799211633476178959983120941760796992809777202940634165821957026377320172185930607155744408274237588207113170536341858438928515879
352347879166622121244129537440850339142290598083876077134318257828685920708527922901133627638958355681430131423605323774160441977417889881959854260595743960876235163735422328815791797652202493929409746139287525656847697764746111107120943108755037808855763687517762378372590021631215954509977073524996659257979865393855818999503614399877966994369493004641797312840650603895345766731804750603098244515532202063621881931718917178227798040306997793197
120364776810585424207083241530111526483395745835506200625761768961607952838913990555044961623771408344412845912813178016518437975651046014436008122606456946661645713689287039842578240791487480588161490270644020240641277230119400795816903932674492970772603994314014153433165439362808960214901269678394779830562688942161815620459930964964868228226843502958281720579062359826898462355982861178132899551561942359907089433374869841732738468754743965513824221832951783099036759957833854512895760630799716389532249819394834397544915514116426462813946443679169503370558200893915813774245070847890230821690193089685846679021818174341186945143499997949977467043707278796860669806891177063930422
30074445891613297952180533096811513303725754487223997305980100824336022407164475873460974587728741621755703685928452255384444973984477794373265489791240288065569746691650694728518955853235380191658836583018065827042215961671618487079345391279553191302481267826967206479286201448732067694603288159497415984461694558530062432916116104503855387983475232130377288912548767320574426201617788569337305114
8885471176319521755227068103711970064163681060662872981802578110003585667169219342833830586906612262671934962727
71206075045611760848498156583858319188647035805512518281967829906324699213617663231170409783424987912118158899389664216693245783648918936278343356885914873170755689821385869681374396891788491418574582839167922669668731365295154157207979795443280389069537469825326197715284616839131174807760668487545182315447106718142917989573376715050053151414613192791156984679445179509270753163132379911934586845760769829010423045555191512246121641
8413406313781315218336470883643599700129479378046532421488876160503083889208904293032900933383161136563282582724149464276956097534981756766779272326905632112276997049660820553263205191615887769893221260980872566325162555729124131906946225311086134597104248127495785041522245421730815672182211561965994435081691869976283110910355383746564066152765541507107887845722081540395031809484199238371
2887094860364160979735165588550753198096349931790359311870006036685609932035663428727150166221373417416559881374105217928365608075688950032819687158942591555889126195662466525523464135685374883902446271679736994958151747626692699998741381197666301895809512457504001757988900080258675930826818244862280774497284550954576155390048240725040914898003227510883317859673156926859493798417912236998965933718212410555753005978956377314107675264282904585041785076261264811443781
109102263572911267242376773958501714207791759744224289222046275372415697675697436289359116023832524623908163192963867456269812320381520544153091189196340860602027035786520707740602989689585592662849592390093487514101174797285430586857184728786257196147617142822783138708896632024487283422661294458171307021308177800561749226210685059065617760971984390418990928073775616437209103319044745426062173081060106896953961651790325728588243986282409118972433138869319870299628830
24124161225671818415501462371377367336698445416422626514606684116922846587557006014182597701764225175225566813022272116387125963240844160730164787667808999558589958204358245556994320660233119378377492416209807733537105982188890902884440664107569811994029555287594409063553755964652836544259036382938956756818913
5552774705796739006348266893447334564006209032308058120307130808696686644022260226838895331412639293348579516459431663281475032270705597454718716375631142729692553044473299542091096453361602048155231073156289114276905652393796297930281120225140731634112222301617589512715757460882423776431035241543765163849023562680214047158558090603970222136237433022978908838382640265952114819873043111469952666125790598580489072522559269941811062418540660013648723127254926360985571270017464690659902278417383068292985996385247625721738897889965120020453426112379438177234262143650037665850815983029872049693107603895935384645462834522325609936107441872079893707716026829771587318861611651330104222770990711661809481961900720509542221211132158877891641239003785623708995295874677796170409185058728302592
6776348247532153406216057860860514027
213446060846261441341391655466039762172243188822871915384111654321227697552427823996424843428153814197911505435545040265334004538867642719926207167020955610287631512871630429973121056097622896528502000204992513465661280991307903245898513822662032265308394433540801342846129055822643726520198063618167283222725487655825917807586029739059451905273433858712349756698072754347796790072875470880916187765296226273816272654236018178883830258319040514240924553121908875796304885868675055711049038679789117187805803024992326111881845812216396139862472027358722355588056782870748989250582872931733223304404405896539508239026693211278110068362652645264911717275635371817941325658296831225234269874171329752541917337763442919957650241094362469647592941089618323574744145252125467738239593
67321882053708588448904707109330286551007549282317503098242001759872529896239276562082736006037376996918814704497920292174214502030086745677973298345758812274413869832451462252499772983687217843714648168081600221989294743872917963689239337426437529983688442528465569207709350714097508743896298928777631060543402125605269016790894981188563068774377023831388453208917240708944408175072825079380413115529688888542052230549244301180050690338768249206298597970597140380866558566681471919298051027377477652151532394033212868804334060235764299001419523217312709039017429447894784884123534535004629504017308454328172204578824762430622850165681433271250682498869162419660006621326033818360644859386400578331254808903837414190326604909263806073162989385632993499423329075527158541706659487333560799489912631
972793930442020651681281780208771458044366554901693983889740445810654335844255137745476989194215872595760844064781649093510522921115568266049459280366749863944247545440560362604822977987443106463772328062369145840092374308303431620694362320956338727420758299539864293252217883077572909628043330218421702872816317855166548407846171476007522247026286598208343089349107239535825086244504245425275913142563911625141909819842335318267003064975418559388665332425677618944858352888810023185588288936587161181592482183897387145667391580711502161293545668592998394033128792762152103451127417005346340754452981036495240203674616541967303390672486035230192147251943719526319627068747539361959144823708810626425585794207008532103092328402563495854667771451943278900096909044975220
1362002208988974818305805927467980657560993747370210492454159759677733585256556157451749695459089900611324750692848263491372610832930465368433061183756756416294297006417181010832964242493682433129495712674132484103262191499599497117533656996263786284366430684087849489357095661222354329476460631948315750534872869902989265696558726542020753311559454121327378482769649478991138816834804424961254883063541896914912720210740587251642205810187016136785610432843182940975287661841967888304915687779305189040236361674244322841854921481390406973949404433348382981668528039911239296829218770962564704656927178056042717998718864878579940162237007789568700418773772356764942343340402826913201388132925172315055553918219246646098577401277666977059556011593679627879905527228879504972738967362478613720996130535521861682319754405990127258315861768064756
299868581167635540322702003862205232311540705785920858501288300139756261894522514556251988985270154194140102271816623835293547998214909706103686749872752933978032096202129589610371247896927556505403548313128546780787651267704381936242272955279694325660754649897042216333671971816532803427092206815773421389921962405025662404974429485340260879201447467654266218271461676479062946632846448207656345116356278963011156343934177672486201385978774537330607410902246330157459446631254087083758679584926996991611603568661638173255624506287771332539276079602086261153474133907227402422926736815679871321543230306656680789881062306945092291788584300962447540263270479855106120101780839105354476203291401234251459710053731816054431921737824081716314890714941
91022261717195237619237395304160133015285558516015616775435613540756372431547254559554279387983704763284480152381842288174948840774709521183016419124620182783389302543201978652945164443283042426377226454157253759464381847158615921784127453158926452224768546919772984252342537772815723356259472184372306978124245721933859789201575285152668996906138268329163365602972871279301405478586071524379059166251123842201010465425697889138779290018440692007352950838811863348152433883669464627030757264592156575422437741357824510074842455423956118251783124550743371683462522456318107471129462311597783469595471620676721830685662570026089393684081675500470204406764551427600971432063863904123624455583115255573906129239342706180778313191914001506645804533070010706470438975021404935404866490838443833781368131390754247731135331668010201628655743756558431557074683298352974372170794258116784665305708526901782080212113680495884991411481927
9449369919976781054656648207539300532039791538408478344082245993432403117738826467224404947705840761339405486281396294902426903328113314872724783620497630250349666002137142517839500323404793468700295943111945549023146705277207025370722919855416239756952
0920513294058125557189912619247794602569651855860858946873152137549357608580284992077716357462599534303832296099095692758574632715931432046763959345107617507398547555863943137049976052474887966152982308454849662651038821030009830039336216057
75577952954006300203040468906513353443996213635179631918719779030459219316128626973769033548380331012790637304436652072704917284231658960589800711990438340648603096007150311388367253508221345130749635737582637591134
02834986872902341445440144231786533787404748297670363869139962433700898953450121379381743100474230140325383073483398645752760724013718111618649723863987576370473293313967185174511221471611892798625903015485623828603221633699789433907926057009611577256040924878364751026606202502
4309741062061332269585312977424372943680374354301544403840848348417627074635651230819104941958978080668861657530698585774045564906377969358658437586358436155384113001647244386384092920806882444165437350043668398556386457045705012784186554461842890700341081733770135844045363631499479611424313116320505865798916992172010498170002105820893485986740096450884286266230905120365659710663460766429977597415611833370427773661025079802810975350243092215712699783350945560349563586057566006459103502990608822017726794547737732409611472589368659555213
059276298380450487124684409683982422916181786264030951441475783244725936312313306650993363699196145417518693999928706915888583618644864464258465760204698758615361226099091521065055621174633283247494555950301118211017
481242233877589005619237630285295147230480575282353918084784711803231729419978952321899732637939011408541837514492605353970388753125865893110513472001760884391555268733624585595496082209936010920460610642525113462366339814831482528577524023820266574766706919280065641815
446509767158371313300005439965048949303986520985694940659863340275658490190135433945023175413254012710195003474810228170188020608118876950061091626140746066484309926883198627269380842479013312552563426167186649550623737499192376857428734384661736427893455967717572724539283122870740426461846623078334669762483229363696295881187311227506253074573057622651069537254161794278820332854133590447200313086733145868108870969858115825749307627009850443464841364440307163074635007681802776846829290225359007331208726596548120748327069093114496428121838144549647653687694477699693469466252702260287997040840065810604877665031874391415948531680320763778001824916567878675575888400823638991739645016810108753734237321976417713071887341229322605444993567939022895768438
202436514206069249283
8880072804117017682652851057346536110951471668551995982701805267464675314937033062535482048189331538018151077709917066686324067109145350091421078428959431520025818618780681807870980958396070447219398517019604695349112764814198583035448882131
