100
2 3
0 20
20 0
-20 10
40 20
0 19
2 2
5000 5000
-5000 -5000
0 1
9999 10000
2 4
-4509 -1767
-263 5631
6439 3188
-3358 -9143
9515 -8758
-5163 4955
2 2
6105 -1034
-197 1103
7822 1313
1812 -7642
2 4
1358 4849
-5251 6010
1720 619
-1887 2440
-8641 -3686
1403 5272
2 2
-342 -2375
-1392 3328
-8573 -5739
-4685 -1563
2 4
-493 -5429
3662 -283
-7016 8798
9654 883
7314 9320
9149 7912
2 5
-323 5224
-4286 439
-7521 3845
-9039 -6821
-4325 -4919
3909 3373
-7032 353
2 6
-6076 7140
5707 4840
-9449 5898
-9477 -5869
522 -6592
-4431 3845
-6533 -8879
-2893 3861
2 3
-2932 4431
-5557 -1086
-8037 9452
-6616 6988
-3238 1342
2 2
448 5189
-1832 -1861
-786 9459
1395 4902
2 3
-6066 1328
5896 -5595
-7696 5226
5800 -6276
-3300 -9751
2 6
-4077 6721
6651 -49
-1218 -8288
8409 -4156
-4963 -4111
1372 -4029
-873 6538
-6236 8081
2 2
-6035 376
-1650 -4236
6358 -6015
7092 -5980
2 5
5110 2989
-1515 -6934
3041 7743
7111 3693
-384 1641
-2354 -5307
-3459 -8143
2 8
7137 -6729
-763 2624
4028 9463
9189 -305
-897 -1093
-1428 9242
384 364
861 9937
-3291 -4371
7323 -4084
2 9
-2617 -14
-3835 -4550
-405 -6983
9196 9637
8029 8775
-3399 -7430
8015 1627
-2734 3454
-680 -2797
1117 6474
2853 1272
2 3
3595 2573
-6537 2998
2259 -7936
7700 -2246
-5550 7129
2 2
-2716 1983
6980 -3553
-1719 2597
-1008 451
2 2
800 -943
-2713 -3435
6153 7858
4752 128
2 2
-5284 7265
-7063 6674
-6655 -922
3329 -7987
2 2
-2375 3048
-7043 6630
715 7054
-4279 4758
2 8
4975 5238
3047 3695
5791 -3945
2359 -6192
4211 9297
-381 1100
-9859 8869
-7615 4169
8332 -4706
-2415 1155
2 10
-7494 1410
-3656 -2902
7522 -7495
-4630 374
7498 3670
5839 5505
9695 -3136
5150 -3479
-2533 -3982
-7223 -5298
8014 7287
5252 6748
2 6
-6075 238
2911 3728
1933 74
8675 -33
6358 5408
-6988 3027
4138 -5021
7174 393
2 6
-5694 -4919
-3448 -2717
8774 5773
-994 3821
-2996 1174
755 6023
-1535 3890
2037 9640
2 7
-948 -6285
5313 -4677
5768 6779
-1963 -7084
-8520 -1924
4553 9429
-5887 9142
820 -7763
-8030 4
2 2
-3003 1046
1669 -895
-8819 -3316
3053 -4981
2 2
2885 4067
-5164 -6056
-739 -1232
-1759 -2262
2 4
3472 -4641
3812 -3702
-5555 -8514
1492 -6252
4437 8887
-5591 7421
2 4
-5139 3547
-1033 -2879
969 -5942
841 2473
5634 -9886
6562 2072
2 9
-1718 -993
5501 -7090
-5327 -3037
-3421 -4102
-773 1184
9359 -5982
7026 -1374
-6668 -7536
-1175 6685
-8111 -9059
-3679 1291
2 8
3549 -2155
-3748 5359
-3480 -5022
1963 3230
607 -715
-7134 -8176
-3768 3681
2355 -4257
-6544 -1566
3272 7667
2 4
-6340 7453
-6867 -5751
192 -8416
9672 -9326
2926 -4197
431 -7877
2 9
5808 -3411
7275 -5708
-2696 5925
-6894 -9397
868 2535
3514 1996
789 -3171
5013 -16
186 6763
2479 -9492
9333 4214
2 2
5088 2615
-1123 -6793
-4130 -8539
-4633 -1812
2 3
-335 -5935
-4374 5528
2283 -6511
-9745 -6173
-4838 5615
2 7
-3273 5276
-984 -1014
2529 -2178
7519 -6950
1231 -3191
-9385 4698
-2070 -2277
-1442 3747
-7515 -4684
2 5
-188 -6256
5315 6497
-4366 -2855
-1485 -1887
-9011 -524
1292 385
4557 -1079
2 2
-2479 -2874
-5305 388
6823 8700
-8735 -1246
2 5
-6738 -5619
7048 5313
6980 -1891
-5880 730
-2302 4167
2724 -9279
839 -7574
2 4
1450 -5637
1496 6389
-9402 97
389 3345
-4842 7712
2803 -1174
2 6
222 -4050
7048 -1137
7013 8447
-1151 -2263
3342 -6676
-2520 -4473
7214 -6762
-4834 4072
2 4
-4265 -5029
425 -2535
9948 6351
5053 -9553
-7416 -5137
-6086 8833
2 4
-5273 2317
299 -6877
6249 5836
8693 2048
9561 -4608
6018 -5866
2 5
4551 -7282
426 -77
30 5869
47 -8006
-697 2952
-297 -4825
-3320 -1416
2 2
4190 -4566
-4143 -2402
-2985 9177
-6526 2815
2 9
6386 -6074
-5871 -3567
-732 9314
-4561 6479
-368 9426
2117 -363
-4319 8638
6924 -4191
5941 4340
6433 2478
-1052 5242
2 6
3796 6691
5965 3163
3385 -4501
-2612 -4663
-4389 2245
137 -4018
-9135 6738
-1376 -808
2 3
1367 6151
-2076 4001
-9090 -8521
-3288 -8835
-972 5595
2 9
-535 -4105
-3085 4757
-8696 -9026
1719 3973
9938 7663
-6567 -8071
6435 -1894
2613 -6986
7725 -8161
4198 7083
-421 4944
2 5
2873 1179
2108 -4280
1965 3435
-7096 -6012
2152 8
8882 6223
3969 -2969
2 8
-3835 -7243
1272 3659
8170 6020
4848 1055
4429 8521
-5894 -7537
-9122 -3592
-2559 9761
8826 2162
-9856 -5517
2 3
3362 -1217
-4173 -6093
-6455 -9053
5141 1199
-3320 5685
2 3
5161 -1139
-1637 -1435
-7322 -4619
-2176 -8328
5360 -342
2 3
1968 3341
7396 -6992
-4465 -4110
1775 -7614
5709 -288
2 2
3348 6965
-3952 386
2817 5598
4514 -9433
2 7
-4617 -6188
-496 -2902
2277 2952
3445 8367
800 -9650
-7421 -737
7051 -4469
-6961 1475
8666 -5593
2 5
-3640 448
6909 -6030
-9408 -4514
5040 7355
-3051 5871
1047 6566
1232 8694
2 2
-6024 -1478
-4097 5651
-6657 9396
-8479 1200
2 4
1039 -6075
-2909 2568
-2897 1172
-9651 -9760
-5571 5326
-7745 5399
2 2
3670 459
-5537 1519
8147 8345
7348 6602
2 7
-3008 -1278
2661 1992
-805 7667
4073 -1266
3909 -2841
4397 3182
-3508 -2098
5668 -360
-281 5156
2 7
-4597 4965
3693 3521
-1352 -9854
3045 -7495
-3871 7631
9243 8474
544 -1641
5104 4122
-8254 -2368
2 2
905 4227
6822 6593
5274 -3742
-8166 9941
2 8
6458 6636
-6392 -1661
-2061 -96
-3082 485
-4214 783
4968 -6918
-2860 -6088
-1206 7363
8633 6161
8902 7349
2 7
-6595 1673
-3460 7118
-3926 8740
5313 7725
-3538 -2408
5192 2668
2908 -5118
2258 -2557
-4318 -5374
2 8
433 2988
2036 -434
223 4721
-2633 7819
4996 3161
1297 -6958
-9241 -7890
-8251 -7351
-8149 -9683
3704 6280
2 5
-4031 4053
4518 -2892
5047 1231
8448 6935
-981 3571
9415 2294
-2547 9249
2 2
1196 -219
-5045 4610
-2087 1044
-8753 -1265
2 9
4874 7221
2905 -148
-4233 8463
-2059 -6918
8422 4500
1259 -7709
3573 6798
-1485 2527
-8763 5808
-9199 9598
-2789 318
2 10
5908 -2927
4319 -1684
-8313 1265
-1087 5880
-6119 -5895
-877 242
-9739 -8975
4667 -3069
3976 -7041
-1250 2107
5521 -7169
-6338 8766
2 7
-3696 6181
6634 4368
-9923 94
5912 621
-7827 4737
-1537 -6080
-3911 7849
-3094 -9508
4743 2980
2 2
-5519 -7113
6581 -6700
7677 9379
1045 1812
2 2
-5805 4931
-257 6646
9173 -7925
-5243 -8572
2 2
4652 390
5108 4688
-5341 4458
-6990 2958
2 8
4766 2460
2830 -1958
8883 2418
-5279 6663
-8064 -8586
2492 -9260
-5306 146
-4224 -8345
-2405 -9725
-4206 3479
2 8
4062 4504
-1964 -6940
6962 3729
779 -9583
-7837 -5950
8085 3614
661 571
-4794 6141
-836 4689
-6328 3052
2 7
1996 5820
-4257 -7115
5463 6983
-1628 6234
-3766 5132
1430 -5101
9540 6242
-634 -8058
5553 9334
2 6
3673 -1476
-5480 -4153
-3593 -7657
-1259 5165
-1768 -9888
-8864 -8921
6651 -1379
-7120 -7359
2 3
-6677 6332
-5162 -3842
-5272 3038
5024 -6410
-5763 -4576
2 7
12 -6273
-7314 1412
-3753 -2158
-6788 6374
-1688 3282
3631 -7501
-6572 -5298
-9961 -2084
4227 2317
2 6
769 3798
4463 -1417
8743 -3800
7853 -2743
4313 -7437
6733 -675
6669 5010
-8034 -5853
2 7
1146 -3212
428 -1293
7648 -383
-4198 4276
4499 -8220
-4561 -6099
-3594 6749
-3652 7258
4188 147
2 9
7384 -1477
-1701 4140
6030 -419
-9830 7881
-101 7596
4161 -1264
9126 -9656
5894 -2936
3970 -7188
-8730 9756
3595 6238
2 9
-233 307
-5002 -5803
-4461 -3777
5234 -5560
-6428 -1725
4639 1404
-4204 669
-9015 -4034
2270 4605
-2718 151
-2939 -3592
2 2
-6425 -3186
5523 353
-9278 -5606
4349 -8282
2 2
-2579 -7394
-3289 5131
1106 2401
7999 -4915
2 2
5477 -5582
-2159 3910
383 -2421
-5238 -1959
2 2
927 490
1543 -4627
-3232 -5386
-2421 -1421
2 2
-4881 -6446
2774 -2866
3775 -382
-7457 8248
2 6
194 1878
-1860 2879
-3941 -5548
1612 -3862
-6420 4624
9165 7718
9603 -9942
1832 3263
2 5
-4544 -3264
6908 -6532
6932 -1847
4530 3954
1356 1180
490 9523
2666 -4298
2 5
-5869 1612
2113 -2009
8167 4068
1402 -7520
-6726 162
9835 224
-246 881
2 8
-5917 -7224
-5077 4544
-447 6346
1048 3666
9208 -4412
5904 -8823
5592 8844
5241 -8171
-1982 -5565
-6784 -7910
2 2
-6842 -4921
-3539 -6037
5348 -6165
-7082 5190
2 2
-6851 6548
2884 2822
-9643 -7616
9416 -6854
2 2
-690 -5854
3009 3801
-8374 6013
-7717 -772
2 9
-2756 -5114
1136 -989
-3479 -2713
6408 3583
3695 624
6538 4609
5089 -3975
3071 -6971
2828 5213
-8750 -5914
-8775 8544
2 8
-5007 -4324
-5760 6427
-4520 4873
-4239 -6189
-6113 3346
8687 -8191
-498 2803
3836 9744
7781 -4202
6694 2109
