-38 -36 -58 -16 -62 -44 95
-50 -46 -34 -23 -62 -24 17
-49 -31 -61 -22 -61 -37 16
-62 -23 -37 -23 -47 -43 12
-56 -48 -52 -36 -44 -44 1
-35 -45 -14 -53 -33 -65 69
-28 -35 -24 -62 -48 -49 13
-36 -51 -50 -49 -41 -36 18
-38 -24 -42 -37 -30 -35 45
-30 -8 -42 -30 -14 -31 9
-26 -18 -42 -25 -30 -35 80
-32 -42 -44 -31 -48 -45 74
-17 -24 -29 -26 -21 -37 97
-42 -46 -33 -58 -48 -58 16
-61 -34 -55 -62 -35 -46 51
-43 -28 -29 -26 -33 -38 33
-27 -28 -41 -20 -39 -36 16
-66 -8 -42 -28 -74 -42 42
-47 -33 -41 -31 -45 -27 25
-50 -37 -37 -51 -31 -35 86
-33 -39 -23 -44 -25 -33 90
-61 -41 -49 -27 -41 -46 32
-43 -29 -29 -31 -34 -16 9
-50 -68 -50 -38 -26 -50 84
-43 -47 -54 -54 -53 -41 20
-50 -18 -40 -32 -31 -15 30
-49 -40 -58 -42 -51 -48 27
-9 -41 -27 -22 -35 -44 60
-48 -44 -33 -29 -54 -26 60
-45 -28 -39 -46 -57 -40 15
-43 -40 -23 -60 -19 -32 62
-31 -69 -10 -52 -32 -42 44
-34 -10 -48 -28 -23 -33 17
-48 -3 -22 -15 -42 -31 3
-41 -57 -40 -39 -26 -47 16
-49 -72 -71 -53 -47 -43 83
-29 -65 -35 -43 -10 -48 71
-49 -33 -35 -21 -31 -37 82
-34 -46 -37 -35 -27 -37 82
-34 -27 -41 -36 -31 -38 97
-31 -56 -27 -50 -35 -49 82
-59 -51 -39 -49 -47 -70 52
-30 -39 -38 -58 -50 -44 5
-26 -30 -17 -42 -32 -42 37
-24 -34 -26 -50 -38 -42 73
-26 -47 -40 -27 -53 -51 70
-31 -42 -39 -36 -31 -32 31
-39 -37 -29 -12 -55 -19 41
-16 -36 -28 -38 -20 -49 90
-46 -48 -31 -38 -32 -56 69
-39 -46 -49 -28 -26 -27 21
-45 -50 -31 -46 -42 -34 6
-11 -30 -34 -21 -32 -43 87
-62 -6 -38 -26 -30 8 11
-46 -41 -44 -30 -36 -36 23
-66 -36 -48 -30 -51 -51 58
-10 -24 -28 -42 -37 -15 26
0 -29 -10 -54 -26 -36 76
-26 -42 -55 -55 -48 -24 98
-58 -26 -33 -16 -35 -40 60
-33 -27 -42 -20 -44 -30 85
-36 -41 -36 -36 -40 -39 2
-39 -21 -47 -33 -55 -19 19
-28 -12 -50 -28 -23 -42 5
-46 -32 -44 -56 -26 -40 18
-35 -50 -56 -42 -37 -30 29
-44 -35 -49 -15 -30 -23 45
-24 -25 -46 -39 -49 -10 48
-28 -26 2 -11 -4 -44 66
-30 -29 -34 -16 -42 -27 75
-56 -18 -40 -20 -48 -32 99
-14 -2 -42 -8 -26 -28 29
-48 -43 -46 -27 -60 -35 87
-64 -21 -58 -49 -38 -33 37
-35 -37 -30 -52 -44 -50 56
-29 -40 -49 -30 -49 -55 69
-49 -42 -38 -50 -36 -38 26
-46 -37 -68 -28 -62 -51 55
-43 -55 -47 -37 -31 -41 58
-15 -30 -27 -19 -31 -33 36
-45 -36 -47 -5 -21 -22 9
-12 -46 -13 -18 -35 -30 10
-31 -38 -22 -41 -25 -32 23
-43 -29 -40 -43 -30 -35 72
-33 -50 -55 -64 -53 -38 79
-45 -44 -38 -13 -67 -26 45
-25 -60 -9 -38 -33 -34 64
-33 -36 -46 -35 -39 -46 72
-61 -22 -36 -12 -38 -36 78
-50 -6 -32 -26 -61 -34 17
-33 -18 -43 -40 -60 -19 30
-28 -37 -15 -66 -46 -59 70
-41 -35 -59 -36 -49 -21 70
-50 -33 -65 -3 -32 -9 20
-45 -35 -70 -30 -59 -53 91
-34 -49 -34 -54 -38 -51 24
-36 -35 -54 -39 -40 -51 14
-41 -16 -49 -30 -59 -15 79
-34 -32 -36 -1 -10 -18 82
-56 -21 -67 -38 -49 -40 60
-36 -32 -41 -42 -47 -34 23
-27 -18 -39 -34 -49 -14 82
-48 -29 -50 -58 -26 -48 57
-78 -35 -67 -7 -49 -27 87
-74 -8 -50 -30 -84 -43 5
-14 -50 -32 -34 -7 -24 13
-45 -32 -22 -36 -39 -52 43
-53 -28 -54 -35 -48 -33 6
-50 -24 -26 -32 -30 -4 10
-46 -3 -23 -19 -45 -31 22
-50 -37 -44 -65 -70 -53 71
-23 -48 -27 -40 -33 -48 89
-36 -27 -41 -32 -35 -34 31
-4 -45 -24 -25 -32 -49 99
-49 -36 -31 -12 -61 -12 97
-60 -32 -57 -18 -47 -26 9
-49 -26 -61 -37 -45 -40 87
-48 -31 -36 -39 -34 -23 24
-42 -38 -17 -38 -32 -18 75
-45 -27 -37 -49 -19 -30 92
-2 -56 -10 -27 -30 -45 16
-35 -31 -24 -39 -37 -43 77
-9 -37 -14 -17 -28 -29 73
-45 -29 -48 -25 -50 -29 22
-48 -72 -50 -48 -73 -62 15
-18 -50 -28 -44 -17 -37 54
-43 -61 -18 -46 -40 -32 84
-64 -18 -60 -45 -40 -31 48
-67 -32 -58 -59 -40 -41 14
-34 -29 -16 -53 -46 -53 3
-40 -21 -48 -33 -56 -19 88
-41 -42 -31 -32 -29 -46 84
-47 -24 -43 -28 -41 -22 93
-49 -42 -68 -59 -43 -64 69
-61 -49 -39 -47 -52 -26 26
-69 -27 -47 -49 -36 -16 6
-29 -41 -50 -29 -47 -53 40
-41 -44 -62 -36 -43 -24 90
-26 -37 4 -37 -14 -61 72
-52 -37 -40 -49 -34 -31 67
-29 -43 -52 -52 -31 -65 55
-14 -49 -36 -37 -13 -21 57
-54 -25 -34 -33 -36 -9 61
-63 -13 -62 -36 -44 -26 99
-22 -23 -28 -41 -43 -26 13
-22 -13 -28 -31 -43 -16 94
-25 -35 -49 -31 -41 -57 38
-54 -54 -50 -32 -30 -47 82
-50 -44 -38 -26 -26 -47 54
-33 -59 -29 -49 -41 -50 81
-36 -55 -50 -31 -19 -29 9
-55 -24 -50 -49 -32 -35 19
-43 -39 -29 -17 -55 -19 38
-10 -68 -28 -48 1 -40 66
-3 -56 -27 -38 -33 -71 69
-46 -42 -45 -35 -40 -40 27
-50 -35 -55 -30 -49 -28 69
-30 -46 -8 -45 -22 -28 64
-28 -72 -49 -60 -31 -48 75
-44 -29 -38 -47 -26 -35 54
-30 -50 -23 -46 -29 -42 99
-67 -44 -47 -40 -53 -62 46
-27 -34 -49 -53 -51 -24 57
-35 -51 -41 -38 -49 -48 40
-57 -38 -41 -61 -29 -39 20
-48 -14 -24 -27 -44 -41 46
-42 -44 -55 -35 -40 -30 62
-23 -32 -39 -34 -29 -49 98
-63 -17 -39 -15 -47 -35 60
-27 -30 -24 -44 -37 -38 38
-80 -37 -63 -11 -49 -35 88
-42 -45 -28 -47 -33 -32 87
-52 -42 -48 -38 -54 -36 61
-48 -33 -49 -36 -46 -35 33
-46 -25 -34 -31 -46 -40 57
-46 -39 -38 -47 -34 -35 65
-44 -33 -30 -49 -21 -27 90
-28 -41 -34 -39 -30 -35 62
-43 -41 -55 -60 -63 -39 82
-42 -40 -42 -45 -46 -43 90
-38 -44 -8 -44 -26 -68 74
-33 -29 -27 -49 -50 -45 72
-42 -38 -69 -24 -64 -54 34
-21 -45 -39 -29 -14 -19 87
-70 -60 -50 -44 -76 -32 87
-6 -39 -30 -31 -26 -59 60
-48 -44 -26 -30 -51 -15 40
-42 -30 -61 -27 -52 -44 88
-38 -61 -32 -39 -13 -56 99
-47 -24 -39 -48 -19 -28 49
-40 -24 -35 -24 -37 -28 25
-57 -43 -40 -59 -34 -39 24
-48 -37 -38 -35 -41 -46 39
-25 -47 -43 -37 -24 -24 18
-30 -6 -59 -14 -41 -34 49
-36 -44 -35 -37 -30 -42 26
-11 -51 -31 -35 -37 -63 70
-29 -24 -45 -36 -29 -44 61
-39 -54 -58 -41 -40 -31 43
-45 -61 -47 -41 -26 -49 31
-31 -15 -41 -35 -56 -15 97
-33 -38 -62 -30 -51 -58 23
-27 -68 -7 -48 -31 -40 50
-59 -44 -43 -62 -35 -42 4
-51 -60 -31 -60 -39 -44 100
-44 -37 -32 -23 -28 -41 50
-30 -63 -57 -49 -35 -33 59
-11 -56 -37 -64 -33 -40 92
-50 -22 -26 -40 -20 -7 53
-40 -44 -49 -76 -18 -64 77
-35 -53 -47 -49 -37 -39 17
-52 -28 -26 -25 -34 -47 43
-32 -41 -43 -29 -46 -45 88
-39 -35 -24 -15 -17 -39 43
-57 -58 -35 -74 -31 -50 73
-32 -45 -24 -39 -32 -35 82
-43 -35 -48 -15 -29 -23 89
-71 -28 -49 -40 -72 -56 52
-58 -40 -38 -46 -54 -63 83
-11 -12 -29 -26 -6 -37 44
-37 -29 -36 -42 -47 -35 74
-54 -58 -34 -34 -68 -26 66
-40 -26 -45 -21 -46 -28 18
-46 -41 -42 -27 -30 -38 71
-35 -26 -39 -9 -23 -16 18
-37 -48 -13 -61 -17 -34 19
-23 -11 -39 -33 -53 -6 33
-50 -50 -67 -71 -40 -72 76
-38 -42 -12 -34 -34 -18 28
-32 -29 -55 -30 -42 -11 82
-53 -25 -30 -21 -36 -41 46
-45 -47 -37 -27 -21 -45 53
-52 -47 -53 -20 -31 -30 43
-32 -57 -42 -47 -47 -62 77
-43 -39 -34 -46 -45 -49 35
-50 -35 -45 -35 -47 -31 47
-30 -34 -35 -29 -36 -36 78
-44 -47 -37 -58 -50 -57 74
-51 -52 -29 -46 -46 -27 13
-64 -18 -68 -41 -48 -35 75
-39 -48 -24 -38 -38 -30 69
-36 -46 -62 -53 -52 -28 56
-61 -52 -49 -50 -53 -63 31
-37 -53 -34 -44 -28 -50 50
-43 -34 -34 -12 -57 -18 23
-32 -60 -31 -38 -49 -46 74
-38 -42 -17 -49 -24 -28 43
-27 -61 -29 -43 -10 -50 10
-30 -28 -1 -20 -12 -48 40
-57 -53 -41 -29 -73 -25 90
-27 -31 -44 -15 -21 -11 33
-33 -31 -28 -6 -11 -25 35
-31 -31 3 -39 -11 -7 60
-44 -46 -41 -55 -50 -52 94
-14 -57 -34 -45 -36 -71 82
-12 -28 -29 -49 -39 -27 63
-53 -59 -30 -63 -36 -43 94
-51 -50 -47 -36 -35 -47 53
-43 -27 -51 -53 -27 -49 92
-36 -26 -46 -42 -25 -44 74
-36 -26 -52 -49 -24 -48 8
-33 -58 -28 -38 -46 -42 85
-35 -9 -49 -27 -60 -4 81
-46 -35 -27 -38 -36 -21 86
-24 -64 -53 -56 -35 -36 79
-35 -31 -63 -15 -59 -47 89
-30 -30 -26 -2 -6 -22 25
-67 -56 -53 -24 -33 -48 79
-30 -48 -36 -50 -34 -44 6
-37 -44 -49 -30 -57 -49 89
-40 -16 -26 -38 -55 -41 34
-2 -61 -7 -31 -29 -47 51
-38 -28 -23 2 -56 -4 21
-34 -42 -37 -68 -56 -50 67
-52 -41 -46 -49 -57 -51 97
-14 -37 -21 -53 -31 -41 56
-30 -53 -26 -50 -30 -48 73
-29 -42 -28 -49 -34 -47 93
-43 -67 -59 -60 -47 -50 32
-54 -37 -54 -57 -38 -49 19
-46 -29 -48 -40 -38 -35 44
-44 -60 -24 -55 -36 -41 36
-29 -41 -36 -52 -23 -51 75
-32 -31 -54 -25 -36 -11 50
-67 -45 -48 -23 -38 -47 23
-28 -44 -47 -46 -41 -30 12
-50 -58 -46 -40 -66 -45 4
-24 -37 -31 -31 -33 -39 12
-45 -47 -69 -45 -53 -27 33
-20 -49 -23 -25 -41 -37 30
-52 -51 -44 -39 -36 -53 32
-34 -41 -46 -47 -46 -32 28
-43 -64 -41 -42 -64 -51 76
-29 -35 -34 -50 -19 -45 20
-58 -30 -44 -40 -61 -49 99
-51 -13 -29 -35 -18 -2 20
-25 -60 -43 -42 -16 -33 34
-42 -10 -27 -25 -45 -31 84
-42 -38 -40 -49 -32 -43 38
-38 -55 -20 -49 -32 -37 19
-29 -35 -41 -27 -43 -43 99
-45 -53 -39 -46 -47 -44 63
-46 -22 -34 -30 -48 -38 91
-27 -58 -15 -39 -35 -37 19
-31 -34 -21 -34 -27 -42 71
-32 -30 -5 -36 -26 -54 31
-62 -52 -40 -30 -29 -63 76
-30 -46 -3 -37 -12 -64 91
-49 -55 -47 -44 -39 -50 75
-23 -50 -7 -33 -27 -27 51
-50 -43 -76 -41 -62 -63 17
-15 -62 -35 -38 -1 -30 7
-71 -41 -49 -27 -74 -12 62
-46 -28 -37 -6 -60 -12 23
-10 -23 -30 -39 -36 -11 22
-32 -30 -15 -16 -14 -38 50
-23 -35 -44 -22 -46 -44 32
-21 -37 -35 -31 -22 -20 56
-23 -57 -38 -57 -32 -45 66
-21 -51 -29 -35 -41 -51 80
-35 -71 -67 -62 -47 -40 92
-39 -38 -18 -55 -17 -28 78
-57 -60 -42 -60 -48 -48 31
-31 -30 -46 -10 -53 -34 96
-19 -27 -31 -31 -21 -41 10
-39 -34 -25 -17 -47 -16 83
-36 -50 -32 -34 -50 -38 11
-30 -6 -42 -26 -56 -4 2
-40 -38 -24 -36 -32 -50 2
-48 -49 -50 -63 -60 -53 31
-20 -36 -26 -46 -13 -47 71
-33 -35 -45 1 -9 -11 38
-45 -39 -22 -35 -39 -19 90
-20 -46 -34 -63 -42 -45 30
-48 -49 -74 -42 -64 -67 81
-57 -31 -49 -29 -55 -22 32
-36 -63 -49 -52 -35 -46 45
-33 -49 -19 -76 -49 -71 85
-29 -9 -54 -24 -32 -38 12
-66 -44 -46 -48 -60 -66 44
-54 -73 -26 -62 -46 -44 52
-31 -27 -31 -17 -23 -23 17
-38 -34 -42 -37 -42 -32 99
-21 -27 -16 -47 -34 -43 37
-32 -16 -62 -31 -38 -49 34
-29 -24 -43 -28 -40 -12 78
-34 -46 -34 -26 -50 -38 26
-30 -37 5 -27 -8 -61 16
-13 -50 -8 -30 -26 -34 26
-35 -50 -27 -48 -29 -57 28
-15 -56 -35 -48 -33 -72 8
-27 -27 -42 -37 -28 -45 38
-36 -60 -28 -46 -18 -61 99
-20 -75 -51 -63 -29 -43 42
-49 -14 -27 -38 -14 -4 14
-24 -34 -42 -44 -43 -21 3
-29 -2 -53 -10 -37 -26 93
-49 -16 -35 -28 -30 -8 90
-29 -39 -9 -34 -25 -21 93
-25 -29 -50 -19 -48 -43 18
-48 -34 -36 -28 -48 -19 7
-55 -23 -47 -43 -71 -41 49
-47 -21 -49 -27 -54 -22 73
-18 -44 -26 -50 -16 -55 63
-9 -39 -26 -55 -32 -35 37
-57 -11 -37 -29 -29 0 79
-44 -45 -26 -66 -20 -39 66
-46 -22 -57 -29 -47 -35 89
-26 -45 -27 -53 -20 -49 45
-29 -40 -45 -46 -31 -59 50
-22 -39 -33 -62 -47 -44 11
-20 -46 -44 -36 -42 -65 96
-41 -14 -26 -29 -44 -35 45
-26 -40 -34 -42 -32 -33 3
-41 -50 -22 -52 -35 -66 76
-40 -53 -44 -47 -48 -54 74
-29 -20 -47 -42 -60 -13 51
-31 -13 -60 -11 -50 -35 92
-43 -5 -58 -25 -36 -29 83
-47 -44 -62 -64 -69 -40 99
-25 -38 -37 -42 -35 -28 90
-46 -59 -22 -61 -30 -41 62
-46 -43 -62 -31 -62 -51 32
-23 -38 -28 -43 -30 -37 53
-69 -50 -45 -42 -65 -22 12
-24 -29 -19 -49 -37 -45 68
-34 -12 -32 -28 -49 -22 25
-40 -33 -40 -3 -16 -21 21
-35 -45 -47 -49 -45 -35 13
-30 -29 -31 -42 -41 -36 80
-36 -49 -42 -76 -60 -55 9
-35 -49 -48 -38 -34 -32 11
-31 -8 -37 -28 -54 -12 24
-48 -58 -50 -36 -27 -45 61
-72 -23 -48 -33 -50 -4 44
-49 -48 -71 -34 -69 -60 63
-54 -74 -29 -64 -47 -48 14
-14 -39 -24 -4 -48 -26 7
-20 -48 -34 -45 -26 -35 86
-48 -32 -46 -58 -26 -46 49
-43 -31 -19 -33 -35 -51 21
-36 -48 -18 -47 -28 -62 79
-24 -30 -42 -38 -41 -16 64
-38 -30 -51 -59 -20 -52 98
-15 -34 -35 -50 -41 -22 12
-27 -37 7 -29 -7 -61 22
-43 -8 -15 -14 -31 -34 89
-47 -11 -19 -7 -27 -31 79
-35 -60 -44 -47 -30 -45 44
-47 -32 -36 -29 -38 -39 22
-48 -36 -40 -55 -60 -50 19
-43 -43 -26 -52 -29 -33 31
-42 -16 -36 -26 -49 -27 26
-3 -24 -27 -32 -23 -4 53
-51 -7 -65 -30 -41 -32 15
-45 -28 -16 -31 -31 -6 59
-49 -38 -48 -60 -31 -46 52
-34 -36 -46 -35 -42 -45 94
-64 -49 -56 -15 -32 -35 8
-34 -42 -58 -50 -50 -26 70
-38 -35 -15 -21 -40 -11 87
-26 -35 -36 -49 -17 -52 43
-26 -25 -47 -27 -37 -43 98
-1 -43 -12 -66 -26 -48 59
-24 -49 -30 -41 -19 -39 22
-56 -19 -34 -13 -38 -33 40
-31 -59 -39 -53 -31 -49 11
-56 -54 -40 -36 -66 -29 56
-29 -30 -37 -39 -41 -29 38
-57 -24 -41 -46 -71 -51 45
-27 -38 -20 -34 -26 -30 69
-31 -41 -36 -26 -46 -36 19
-18 -40 -40 -38 -31 -61 48
-15 -36 -30 -26 -32 -42 20
-38 -28 -44 -45 -28 -43 87
-28 -46 -47 -33 -46 -56 14
-25 -35 -31 -49 -42 -36 87
-50 -66 -44 -44 -69 -49 86
-35 -47 -67 -33 -59 -67 30
-65 -45 -49 -31 -43 -54 63
-37 -37 -51 -35 -47 -47 47
-39 -36 -24 -31 -26 -45 50
-49 -57 -45 -39 -65 -44 36
-27 -40 -28 -58 -13 -48 96
-30 -34 -62 -20 -54 -54 37
-28 -59 -26 -45 -38 -49 66
-43 -34 -31 -45 -47 -48 20
-34 -32 0 -40 -14 -8 36
-30 -31 -46 -38 -34 -48 10
-45 -47 -73 -51 -53 -71 65
-48 -61 -36 -41 -62 -39 100
-29 -43 -31 -33 -20 -36 36
-15 -8 -27 -30 -43 -7 52
-40 -28 -41 -40 -31 -36 91
-17 -12 -39 -6 -35 -26 39
-10 -60 -28 -36 -43 -66 70
-47 -39 -26 -27 -29 -51 76
-30 -18 -46 -35 -26 -41 86
-19 -33 -37 -52 -45 -30 64
-47 -26 -36 2 -65 -6 45
-46 -37 -36 -33 -37 -45 71
-15 -21 -31 -29 -15 -41 97
-29 -35 -17 -31 -21 -43 91
-32 -35 -25 -56 -46 -49 44
-36 -42 -31 -67 -14 -48 69
-40 -8 -44 -26 -60 -13 46
-51 -48 -31 -50 -43 -69 96
-27 -33 -50 -17 -49 -45 92
-33 -54 -47 -38 -56 -60 95
-44 -58 -57 -42 -39 -38 47
-47 -42 -37 -38 -38 -50 5
-9 -27 -14 -47 -28 -35 99
-49 -31 -16 -20 -27 -53 61
-25 -40 -31 -38 -26 -33 37
-32 -55 -50 -33 -63 -62 49
-56 -38 -38 -30 -39 -52 43
-40 -45 -44 -49 -46 -43 57
-45 -45 -38 -71 -63 -61 53
-68 -25 -43 -20 -49 -42 27
-45 -37 -30 -37 -39 -49 75
-41 -39 -44 -60 -59 -45 85
-43 -46 -27 -34 -27 -54 52
-31 -33 -2 -46 -9 -15 47
-20 -24 -26 -30 -17 -33 86
-22 -57 -30 -43 -12 -42 55
-60 -27 -42 -47 -71 -55 21
-47 -15 -31 -33 -57 -40 17
-44 -14 -32 -36 -60 -37 18
-53 -81 -18 -71 -40 -47 85
-27 -27 -46 -14 -45 -37 39
-29 -46 -10 -53 -27 -64 82
-34 -46 -20 -33 -18 -52 84
-34 -28 -39 -53 -56 -34 89
-10 -21 -34 -35 -8 -52 30
-46 -41 -37 -48 -48 -51 36
-26 -46 -32 -79 -2 -64 83
-35 -62 -29 -45 -45 -47 47
-31 -64 -29 -42 -8 -55 12
-36 -55 -28 -33 -54 -36 40
-12 -55 -37 -60 -31 -38 96
-41 -49 -35 -47 -39 -43 62
-27 -52 -37 -48 -28 -40 81
-16 -22 -36 -7 -40 -29 67
-62 -24 -49 -10 -43 -26 31
-60 -21 -42 -31 -61 -44 24
-35 -25 -49 -45 -62 -21 81
-46 -48 -32 -36 -51 -28 100
-21 -57 -7 -34 -31 -32 58
-42 -26 -49 -30 -43 -34 79
-48 -40 -26 -36 -36 -56 41
-18 -19 -26 -43 -46 -23 82
-22 -26 -44 -50 -57 -16 75
-51 -26 -49 -32 -44 -27 38
-37 -36 -69 -40 -53 -12 59
-18 -25 -36 -47 -49 -18 9
-49 -17 -31 -37 -60 -45 47
-45 -30 -55 -5 -69 -28 22
-52 -9 -22 -9 -34 -33 56
-49 -44 -67 -68 -37 -68 36
-38 -41 -48 -16 -62 -39 85
-24 -50 -48 -36 -22 -19 87
-20 -27 -32 -45 -44 -24 31
-16 -60 -44 -54 -28 -34 77
-32 -48 -13 -31 -38 -26 44
-41 -31 -24 -52 -51 -53 19
-42 -33 -71 -30 -56 -55 23
-30 -28 -42 -48 -56 -26 24
-26 -57 -40 -43 -47 -64 46
2 -23 -12 -50 -28 -28 91
-23 -42 -34 -65 -48 -47 7
-65 -17 -40 -7 -42 -31 16
-64 -47 -57 -31 -47 -43 30
-42 -40 -50 -48 -54 -36 38
-11 -35 -35 -41 -29 -14 76
-59 -75 -28 -63 -50 -43 20
-53 -47 -37 -45 -43 -62 52
-19 -40 -29 -34 -30 -47 73
-49 -16 -22 -30 -44 -46 78
-40 -34 -14 -51 -16 -20 12
-62 -27 -59 -46 -45 -36 1
-27 -28 -6 -45 -5 -18 36
-68 -59 -39 -61 -49 -37 10
-39 -34 -26 -58 -53 -54 54
-17 -42 -37 -36 -21 -19 10
-18 -24 -24 -57 -48 -39 17
-15 -27 -34 -10 -40 -32 57
-33 -78 -59 -66 -39 -50 71
-28 -50 -30 -81 -4 -64 46
-42 -50 -40 -48 -43 -47 51
-27 -36 -37 -26 -42 -41 3
-33 -49 -27 -37 -18 -49 43
-34 -44 -19 -14 -52 -20 75
-50 -29 -68 -50 -74 -23 80
-26 -35 -15 -28 -16 -41 91
-9 -22 -32 -18 -26 -38 35
-30 -53 -42 -45 -28 -37 54
-57 -44 -36 -26 -30 -50 11
-36 -45 -40 -37 -46 -45 62
-42 -47 -55 -26 -64 -49 40
-47 1 -68 -16 -46 -26 41
-25 6 -60 -4 -38 -28 1
-44 -39 -22 -40 -36 -57 81
-51 -36 -33 -26 -32 -49 80
-37 -49 -21 -61 -21 -41 34
-76 -44 -60 -16 -44 -40 97
-32 -70 -30 -50 -11 -62 12
-23 -47 -29 -27 -6 -31 64
-41 -28 -40 -35 -35 -30 47
-42 -22 -63 -34 -45 -46 91
-45 -32 -35 -46 -26 -29 98
-54 -28 -49 -18 -43 -26 19
-49 -62 -29 -46 -23 -74 60
-18 -48 -34 -26 -4 -21 66
-12 -29 -18 -62 -42 -44 72
-30 -15 -34 -31 -16 -27 8
-12 -43 -25 -57 -31 -41 8
-38 -25 -44 -31 -35 -34 95
-41 -26 -22 -39 -23 -16 63
-43 -30 -36 -39 -33 -28 38
-31 -27 -45 -59 -11 -51 30
-46 -34 -38 0 -70 -14 58
-51 -7 -43 -31 -71 -27 20
-30 -16 -34 -26 -22 -25 50
-18 -18 -40 -34 -45 -4 87
-65 -36 -55 -61 -39 -43 34
-36 -47 -40 -33 -52 -44 77
-31 -47 -25 -25 -11 -43 12
-33 -34 -33 -54 -49 -42 40
-33 -65 -19 -47 -39 -43 9
-33 -47 -8 -47 -23 -67 7
-50 -39 -27 -48 -29 -26 52
-47 -45 -28 -27 -25 -53 21
-34 -41 -46 -60 -54 -39 28
-50 -31 -46 -47 -64 -43 62
-65 -49 -44 -67 -38 -43 17
-27 -40 -10 -44 -17 -28 49
-34 -31 -39 -16 -24 -21 6
-42 -30 -26 -44 -20 -21 28
-14 -48 -31 -59 -33 -41 27
-31 -31 -44 -65 -9 -55 26
-44 -29 -40 -7 -60 -17 50
-13 -9 -31 -31 0 -38 46
-50 -51 -40 -33 -27 -52 24
-37 -31 -43 -44 -29 -41 40
-40 -29 -45 -4 -22 -15 1
-38 -24 -50 -38 -30 -43 58
-20 -22 -27 -48 -45 -32 9
-49 -56 -31 -36 -60 -28 18
-50 -39 -47 -30 -56 -33 69
-28 -48 -17 -65 -10 -46 70
-47 -51 -23 -48 -35 -30 55
-35 -41 -36 -23 -50 -31 25
-29 -54 -28 -32 -46 -40 21
-26 -6 -50 -30 -62 6 97
-29 -26 -2 -22 -15 -46 90
-52 -9 -50 -27 -33 -16 25
-43 -35 -38 -40 -37 -33 80
-26 -43 -43 -44 -32 -57 62
-69 -42 -57 -21 -45 -39 55
-51 -53 -35 -56 -39 -42 91
-57 -16 -37 -32 -63 -44 8
-31 -36 -30 -24 -40 -28 48
-45 -66 -67 -47 -43 -37 93
-26 -43 -55 -45 -36 -67 47
-72 -40 -56 -58 -48 -38 35
-33 -75 -13 -55 -37 -47 32
-33 -32 -37 -55 -53 -38 97
-31 -45 -28 -16 -53 -31 23
-22 -16 -30 -40 -50 -20 90
-20 -18 -12 -44 -36 -40 44
-35 -50 -54 -38 -33 -30 89
-70 -45 -64 -12 -40 -30 60
-35 -44 -51 -42 -43 -56 17
-53 -20 -32 -22 -42 -38 2
-83 -43 -73 -8 -49 -30 85
-32 -44 -33 -67 -14 -54 85
-40 -27 -18 -43 -44 -51 69
-31 -48 -43 -46 -39 -59 47
-34 -35 -14 -35 -26 -51 35
-27 -70 -37 -46 -8 -48 50
-44 -47 -37 -36 -50 -37 94
-58 -21 -50 -50 -30 -32 82
-49 -26 -33 -9 -29 -32 4
-32 -20 -13 -33 -31 -43 65
-55 -13 -50 -43 -28 -27 8
-13 -53 -37 -37 -9 -21 23
-64 -36 -44 -46 -44 -21 29
-43 -56 -27 -39 -47 -33 20
-49 -15 -61 -29 -45 -33 94
-80 -31 -63 -5 -49 -29 53
-47 -46 -57 -51 -55 -40 14
-7 -28 -27 -42 -31 -15 90
-49 -50 -48 -62 -39 -54 16
-48 -21 -38 -31 -33 -16 60
-22 -18 -55 -24 -37 -48 3
-26 -41 -24 -27 -36 -31 71
-41 -33 -31 -23 -45 -21 9
-39 -36 -45 -9 -63 -30 40
-40 -33 -32 -9 -56 -17 63
-21 -47 -32 -19 -50 -39 93
-59 -67 -41 -47 -70 -39 56
-26 -26 -28 -20 -22 -22 46
-27 -31 -45 -32 -35 -17 90
-19 -51 -43 -49 -33 -74 34
-38 -45 -26 -49 -36 -59 49
-51 -21 -48 -45 -30 -33 74
-34 -45 -46 -35 -30 -28 73
-49 -34 -18 -27 -31 -56 20
-58 -16 -55 -40 -37 -28 27
-60 -55 -44 -39 -36 -63 17
-42 -37 -46 -10 -22 -23 44
-31 -22 -60 -20 -50 -44 86
-38 -55 -46 -49 -36 -44 48
-8 -59 -13 -29 -35 -45 84
-38 -27 -49 -34 -39 -40 90
-33 -37 -10 -31 -19 -53 67
-53 -48 -41 -44 -43 -58 5
-42 -28 -30 -39 -46 -42 17
-63 -47 -45 -41 -48 -62 36
-41 -30 -54 -24 -51 -38 92
-25 -47 -10 -32 -28 -26 38
-10 -34 -15 -14 -29 -26 71
-28 -42 -50 -30 -27 -14 11
-14 -24 -38 -17 -34 -39 64
-35 -33 -38 -19 -48 -27 17
-2 -36 -21 -58 -31 -34 54
-40 -36 -36 -58 -56 -48 1
-36 -51 -28 -35 -48 -35 34
-18 -21 -28 -37 -7 -39 70
-44 -35 -32 -34 -36 -44 44
-10 -68 -26 -50 -36 -75 40
-43 -49 -52 -76 -25 -67 16
-37 -70 -64 -66 -50 -46 12
-30 -33 -25 -48 -16 -35 15
-56 -63 -25 -61 -39 -37 96
-27 -44 -33 -46 -31 -40 71
-45 -45 -50 -45 -48 -49 13
-23 -37 -33 -62 -49 -44 92
-35 -27 -62 -33 -41 -51 51
-19 -16 -35 -30 -41 -7 59
-50 -16 -38 -30 -30 -11 31
-40 -7 -59 -25 -37 -33 29
-16 -47 -28 -21 -44 -41 94
-46 -44 -33 -35 -48 -30 100
-39 -48 -44 -23 -61 -42 65
-27 -23 -43 -43 -55 -17 24
-38 -65 -36 -41 -61 -51 39
-49 -32 -57 -56 -33 -48 78
-54 -54 -42 -30 -24 -54 71
-38 -48 -54 -46 -46 -60 98
-58 -18 -45 -14 -47 -26 6
-18 -57 -26 -39 -4 -40 40
-29 -17 -44 -12 -42 -26 73
-11 -46 -32 -59 -34 -37 8
-43 -48 -27 -40 -43 -28 49
-30 -43 -34 -46 -30 -48 16
-21 -20 -34 -16 -32 -28 16
-27 -35 -47 -40 -31 -53 82
-30 -34 -38 -36 -32 -43 76
-34 -67 -66 -58 -46 -36 97
-59 -30 -44 -15 -38 -33 27
-24 -33 -25 -41 -31 -37 53
-65 -19 -47 -27 -48 -5 54
-63 -34 -47 -62 -31 -38 36
-21 -58 -41 -40 -49 -69 81
-39 -63 -60 -46 -38 -36 33
-39 -15 -59 -25 -43 -37 29
-24 -40 -34 -26 -15 -23 42
-50 -67 -44 -45 -69 -50 13
-56 -43 -34 -37 -39 -62 50
-15 -10 -33 -26 -8 -36 6
-28 -39 -48 -37 -40 -58 86
-50 -42 -45 -57 -36 -44 6
-41 -34 -30 -32 -35 -42 52
-15 -65 -36 -63 -26 -47 20
-10 -55 -32 -33 1 -22 62
-27 -43 -30 -57 -40 -49 92
-30 -46 -36 -38 -26 -38 61
-36 -20 -42 -27 -34 -29 25
-43 -39 -62 -57 -65 -31 38
-19 -49 -39 -69 -47 -45 15
-30 -35 -61 -23 -52 -55 53
-49 -16 -41 -36 -65 -34 38
-42 -34 -38 -51 -26 -41 75
-27 -55 -7 -35 -31 -27 98
-51 -53 -27 -37 -55 -21 13
-62 -37 -51 -50 -45 -36 65
-31 -33 -37 -31 -32 -26 57
-39 -32 -55 -54 -63 -28 85
-27 -63 -33 -49 -16 -50 17
-47 -45 -56 -37 -57 -49 68
-34 -30 -42 -54 -18 -46 62
-51 -7 -66 -22 -48 -28 17
-48 -29 -50 -3 -28 -17 51
-19 -55 -35 -41 -13 -32 7
-50 -42 -48 -46 -53 -46 99
-26 -31 -31 -1 -4 -15 64
-30 -4 -34 -28 -8 -20 90
-24 -20 -36 -38 -12 -41 15
-49 -22 -29 -38 -55 -50 59
-54 -61 -31 -65 -37 -45 61
-64 -47 -44 -62 -40 -40 65
-45 -50 -28 -71 -55 -72 58
-22 -15 -50 -31 -26 -47 43
-62 -22 -51 -50 -33 -30 55
-26 -67 -38 -45 -54 -68 17
-16 3 -50 -5 -30 -29 73
-40 -46 -51 -53 -50 -40 47
-45 -47 -52 -23 -30 -27 37
-36 -43 -36 -33 -44 -37 56
-34 -35 -59 -25 -36 -11 15
-30 -70 -53 -59 -35 -45 19
-40 -36 -62 -35 -48 -18 55
-49 -26 -53 -39 -41 -37 100
-45 -15 -25 -15 -33 -31 69
-46 -23 -42 -35 -56 -33 93
-19 -31 -29 -29 -22 -20 36
-50 -62 -56 -35 -32 -41 33
-56 -62 -32 -40 -66 -27 14
-63 -41 -39 -45 -55 -67 61
-47 -27 -71 -19 -63 -43 81
-38 -37 -64 -35 -50 -57 5
-27 -32 -25 -48 -39 -40 89
-36 -16 -60 -19 -48 -37 57
-75 -46 -55 -66 -47 -42 88
-34 -2 -8 -19 -32 -33 96
-26 -45 -49 -56 -44 -31 14
-43 -35 -50 -44 -53 -33 71
-64 -59 -58 -26 -34 -44 47
-37 -28 -43 0 -17 -12 30
-26 -46 -50 -28 -20 -13 13
-52 -12 -57 -37 -35 -31 65
-27 -37 -6 -50 -29 -59 57
-28 -23 -22 -50 -46 -44 73
-29 -30 -45 -36 -43 -17 97
-58 -52 -29 -49 -43 -27 36
-72 -25 -50 -9 -46 -33 42
-64 -12 -44 -28 -70 -40 53
-34 -42 -19 -52 -20 -34 5
-29 -48 -51 -64 -25 -72 41
-46 -44 -49 -23 -31 -29 51
-35 -56 -28 -52 -34 -48 59
-58 -15 -44 -29 -37 -8 98
-39 -33 -19 -13 -15 -41 12
-32 -47 -26 -33 -15 -46 49
-50 -27 -64 -4 -74 -29 53
-25 -50 -39 -34 -16 -28 9
-33 -44 -58 -59 -55 -30 82
-18 -23 -32 -41 -7 -46 86
-26 -46 -26 -66 -42 -54 51
-41 -38 -61 -53 -61 -28 29
-29 -61 -8 -44 -30 -34 14
-52 -65 -36 -43 -22 -70 25
-17 -15 -37 -15 -29 -31 3
-42 -26 -18 -44 -18 -14 96
-11 -42 -26 -17 -40 -39 36
-32 -65 -34 -45 -53 -57 72
-46 -42 -51 -37 -45 -35 94
-27 -36 -15 -45 -15 -30 59
-19 -42 -36 -43 -30 -29 61
-68 -55 -58 -20 -34 -42 64
-59 -52 -41 -46 -56 -31 66
-35 -27 -57 -11 -31 -3 7
-32 -21 -30 -45 -7 -31 20
-31 -34 -28 -58 -49 -46 47
-42 -39 -22 -54 -22 -29 45
-31 -42 -41 -46 -32 -54 86
-38 -47 -29 -34 -24 -49 85
-44 -31 -33 -59 -62 -51 28
-79 -42 -65 -10 -45 -34 47
-45 -42 -39 -29 -31 -39 11
-42 -36 -30 -34 -38 -23 30
-66 -25 -59 -56 -37 -38 2
-57 -20 -41 -42 -71 -47 78
-52 -40 -46 -36 -53 -32 98
-55 -43 -50 -58 -40 -48 51
-45 -45 -34 -53 -32 -41 16
-44 -48 -49 -23 -26 -34 3
-14 -36 -35 -28 -33 -48 48
-25 -9 -39 -31 -10 -34 63
-36 -50 -30 -28 -16 -46 24
-64 -52 -46 -28 -31 -58 9
-46 -39 -30 -61 -22 -35 50
-45 -46 -65 -46 -53 -62 96
-49 -65 -47 -43 -26 -56 25
-45 -50 -27 -61 -29 -40 1
-27 -44 -35 -36 -23 -32 71
-13 -50 -15 -24 -35 -36 98
-34 -33 -35 -25 -41 -29 54
-42 -32 -35 -33 -37 -27 63
-43 -35 -29 -38 -37 -48 70
-39 -46 -47 -25 -27 -27 76
-44 -14 -46 -32 -63 -21 83
-5 -54 -29 -48 -23 -75 47
-43 -53 -47 -49 -49 -55 58
-24 -42 -36 -40 -32 -53 61
-46 -12 -32 -25 -48 -31 35
-44 -2 -48 -26 -22 -18 65
-37 -64 -29 -46 -15 -63 24
-28 -43 -13 -53 -14 -35 86
-26 -36 -44 -47 -42 -26 22
-45 -42 -47 -34 -38 -36 30
-33 -26 -38 -1 -15 -12 36
-50 -23 -64 -36 -48 -42 49
-17 -30 -41 -44 -43 -13 19
-31 -73 -5 -56 -29 -42 7
-26 -58 -25 -46 -35 -50 31
-72 -21 -48 -29 -52 -1 3
-34 -48 -45 -30 -24 -32 81
-29 -26 -33 -46 -11 -40 93
-30 -28 -18 -44 -38 -44 28
-25 -43 -34 -36 -36 -46 72
-45 -70 -61 -58 -45 -50 7
-32 -27 -19 -16 -18 -33 83
-46 -22 -22 -20 -30 -40 78
-14 -56 -32 -40 -39 -66 3
-43 -46 -71 -40 -59 -66 44
-47 -28 -34 -4 -61 -8 71
-55 -19 -33 -31 -32 -3 93
-50 -28 -33 -54 -64 -52 92
-40 -35 -54 -32 -48 -45 83
-29 -42 -35 -60 -47 -48 1
-48 -44 -57 -66 -34 -60 7
-29 -25 -27 -47 -50 -38 77
-44 -26 -74 -41 -68 -8 35
-32 -42 -19 -23 -42 -24 12
-46 -26 -44 -5 -62 -16 23
-40 -48 -46 -46 -42 -42 84
-38 -50 -46 -42 -34 -38 80
-30 -36 -46 -8 -14 -12 36
-33 -44 -40 -70 -15 -60 12
-41 -46 -28 -40 -31 -54 100
-39 -43 -27 -31 -45 -25 22
-24 -62 -51 -58 -37 -38 82
-37 -41 -17 -31 -21 -53 7
-22 -42 -36 -32 -19 -23 52
-35 -54 -49 -40 -56 -61 1
-37 -25 -35 -35 -46 -32 1
-61 -56 -37 -38 -67 -23 32
-39 -15 -49 -25 -37 -29 70
-61 -65 -45 -41 -29 -69 4
-37 -30 -37 -15 -25 -24 22
-41 -27 -35 -41 -52 -40 89
-52 -23 -48 -35 -40 -27 100
-27 -41 -9 -65 -39 -65 31
-40 -49 -50 -37 -33 -33 36
-24 -34 -34 -34 -30 -26 44
-47 -34 -43 -22 -35 -30 21
-38 -6 -68 -16 -48 -36 70
-34 -30 -31 -9 -16 -24 17
-65 -53 -47 -31 -34 -60 41
-15 -23 -36 -15 -34 -35 61
-38 -47 -41 -28 -24 -37 67
-34 -8 -68 -16 -48 -40 46
-35 -34 -42 -23 -29 -24 20
-26 -43 -31 -48 -33 -42 84
-27 -50 -51 -52 -35 -70 20
-61 -21 -39 -43 -72 -54 80
-35 -56 -26 -48 -36 -44 17
-45 -68 -16 -60 -34 -40 69
-58 -52 -48 -48 -57 -40 8
-38 -29 -67 -31 -48 -53 47
-23 -30 -35 -34 -25 -44 2
-42 -29 -32 -45 -21 -27 23
-38 -49 -50 -23 -22 -29 90
-38 -48 -14 -50 -30 -68 13
-60 -33 -38 -49 -65 -63 46
-58 -80 -22 -68 -46 -44 55
-41 -33 -51 -33 -45 -25 9
-37 -40 -54 -36 -47 -52 68
-47 -50 -39 -16 -71 -30 69
-58 -44 -51 -38 -49 -46 33
-30 -44 -19 -72 -48 -64 13
-64 -51 -53 -64 -47 -50 77
-18 -36 -26 -26 -12 -23 38
-33 -49 -38 -54 -31 -55 25
-61 -49 -39 -29 -70 -17 57
-38 -26 -48 -36 -50 -22 57
-47 -1 -61 -24 -37 -26 29
-44 -42 -40 -26 -58 -30 24
-28 -38 -30 -48 -19 -45 64
-16 -11 -44 -17 -28 -37 67
-27 -35 -35 -49 -19 -47 49
-65 -38 -43 -36 -56 -15 39
-58 -9 -33 -9 -43 -29 69
-41 -46 -12 -43 -27 -68 51
-10 -23 -26 -31 -10 -43 52
-49 -40 -51 -26 -39 -30 22
-36 -48 -42 -42 -33 -39 13
-57 2 -28 -6 -46 -26 92
-33 -43 -23 -33 -21 -47 92
-47 -31 -39 -27 -39 -37 29
-45 -46 -39 -44 -44 -39 100
-33 -72 -9 -54 -33 -42 16
-45 -29 -72 -25 -59 -49 25
-33 -52 -14 -39 -32 -29 68
-60 -28 -36 -42 -62 -59 25
-25 -45 -46 -53 -44 -33 33
-37 -46 -21 -29 -17 -52 10
-48 -46 -33 -16 -66 -22 14
-6 -15 -28 -33 1 -46 63
-45 -37 -63 -48 -61 -27 40
-39 -49 -19 -49 -31 -33 87
-56 -20 -34 -38 -27 -7 47
-65 -35 -41 -37 -55 -60 70
-42 -46 -12 -56 -22 -26 1
-60 -33 -44 -5 -28 -29 39
-47 -51 -45 -39 -58 -43 64
-34 -32 -40 -50 -22 -44 40
-44 -46 -57 -30 -62 -50 4
-30 -34 -32 -8 -10 -22 13
-41 -49 -49 -41 -53 -53 54
-50 -33 -80 -48 -74 -15 9
-15 -45 -31 -32 -35 -50 78
-31 -41 -41 -49 -44 -35 85
-56 -36 -42 -14 -30 -34 42
-44 -43 -35 -35 -45 -31 7
-48 -48 -68 -43 -52 -30 19
-35 -81 -69 -68 -45 -46 43
-69 -24 -54 -9 -48 -27 85
-48 -48 -62 -60 -44 -64 86
-40 -33 -47 -34 -45 -28 97
-36 -39 -60 -41 -44 -59 95
-3 -47 -25 -63 -29 -39 73
-23 -7 -54 -9 -40 -33 31
-24 -28 -30 -30 -25 -35 1
-26 -28 -42 -30 -36 -13 49
-48 -20 -46 -34 -33 -25 20
-31 -23 -55 -26 -43 -44 74
-38 -33 -25 1 -60 -9 94
-42 -29 -64 -30 -50 -47 28
-50 -32 -23 -41 -32 -14 73
-22 -35 -30 -49 -12 -50 45
-50 -39 -32 -50 -34 -29 61
-29 -35 -56 -31 -43 -55 89
-32 -1 -8 -19 -32 -31 44
-42 -45 -26 -67 -18 -41 53
-29 -34 -39 -49 -45 -32 64
-47 -13 -11 -25 -35 -49 74
-38 -27 -38 -37 -46 -31 91
-24 -30 -41 -39 -27 -49 -1
