10000
8 84
6 81
2 32
4 52
3 28
3 2
3 75
3 18
3 74
9 0
1 89
7 63
6 66
8 31
1 49
5 92
4 77
3 21
2 53
7 49
10 99
8 88
1 2
9 3
5 23
3 22
7 45
8 31
4 14
4 74
1 85
9 65
6 38
8 45
6 59
3 3
4 27
4 50
7 3
9 95
4 19
5 24
4 55
3 93
5 67
10 60
7 87
1 22
2 56
10 63
6 60
6 45
7 29
6 9
5 69
6 31
4 9
2 57
3 44
9 26
3 20
9 63
4 0
10 60
8 48
2 28
3 52
10 57
5 85
2 50
7 35
10 66
1 40
1 9
5 3
1 36
6 77
1 42
5 38
1 51
4 60
5 23
9 66
8 85
2 8
10 20
6 35
10 24
2 34
4 6
9 66
3 31
8 61
5 51
5 59
9 27
10 22
9 31
7 84
9 56
5 93
3 64
8 8
3 70
1 77
1 82
6 63
4 92
8 61
1 63
6 14
2 39
2 62
7 40
5 11
4 33
1 59
1 52
5 30
3 72
1 4
7 32
4 3
8 79
6 98
8 89
1 31
1 78
1 86
9 11
7 97
2 48
10 19
1 91
5 90
4 27
4 24
2 72
9 58
7 3
9 8
9 3
7 30
7 41
8 90
3 13
3 86
7 73
8 46
1 33
9 68
10 26
2 33
6 88
9 58
1 47
5 18
10 58
8 95
3 36
8 12
1 28
9 16
9 51
6 64
9 51
3 77
9 60
5 40
4 15
3 68
6 51
6 19
9 54
5 64
10 37
1 35
7 73
10 1
6 65
1 90
9 29
8 51
4 45
6 27
9 70
4 31
1 46
7 86
2 59
4 35
1 38
3 10
9 2
4 78
7 32
10 73
10 90
6 68
6 30
5 81
7 16
9 93
7 63
3 52
5 48
4 96
6 20
8 57
10 25
2 7
3 79
5 81
3 39
1 87
7 61
2 75
1 98
1 27
6 35
6 6
9 54
9 38
5 99
2 57
10 0
3 67
3 13
10 64
8 37
1 76
4 39
2 89
9 72
10 100
4 31
7 79
2 5
4 16
6 0
9 80
3 31
10 9
6 31
7 10
4 37
10 26
10 61
9 31
10 83
10 52
9 43
3 88
2 57
2 50
6 90
7 57
1 84
1 52
7 80
9 13
4 73
6 17
10 40
1 42
4 88
4 86
10 41
1 63
5 100
9 94
4 95
8 43
5 66
4 26
10 6
8 40
3 86
4 32
7 73
10 40
4 2
2 99
6 23
1 81
2 94
8 29
9 89
9 47
3 60
1 7
5 51
2 70
7 35
10 16
5 92
6 36
4 25
10 64
7 26
5 71
6 48
2 53
8 93
10 43
2 81
4 28
8 98
4 69
6 67
4 52
7 80
10 64
5 83
1 81
10 6
8 4
6 45
3 83
6 45
3 18
3 65
1 3
4 14
3 46
5 14
7 84
10 59
6 27
6 83
3 40
7 89
10 43
1 26
8 96
1 2
2 30
10 76
4 74
10 39
1 96
10 6
2 15
9 20
2 7
6 78
3 38
10 33
9 79
9 100
4 46
4 47
5 47
4 54
9 46
7 79
3 87
9 15
4 29
7 37
4 96
6 91
8 35
9 21
3 21
6 82
9 82
10 8
10 9
8 97
10 21
6 33
2 38
7 29
10 34
4 85
7 87
10 68
6 73
2 33
2 20
10 86
3 52
7 84
4 100
6 77
1 77
8 52
1 64
5 2
8 68
5 58
7 96
8 62
1 1
5 25
2 21
6 21
1 91
2 66
9 78
8 49
7 90
3 70
2 8
8 71
10 50
4 11
8 13
5 88
1 63
3 77
2 4
2 34
9 72
2 28
1 15
9 25
2 16
10 13
7 100
10 95
5 22
9 73
4 40
4 28
8 8
1 19
1 53
2 62
5 82
4 54
3 36
9 100
2 4
5 33
1 77
1 25
4 7
3 85
1 13
10 49
4 7
9 40
9 83
1 88
1 25
3 30
10 64
8 30
3 54
6 24
7 87
9 88
7 38
8 55
6 38
1 59
10 86
1 100
6 47
7 53
9 17
4 12
8 62
4 60
1 34
10 4
5 25
8 72
6 39
9 93
3 74
6 74
9 7
10 61
9 61
6 69
5 27
5 73
5 92
6 45
4 86
9 27
6 18
8 20
6 13
6 91
1 34
7 89
7 57
7 56
7 84
2 68
10 70
2 28
2 7
10 52
9 32
5 96
7 12
2 92
9 89
6 67
10 3
7 19
9 11
2 24
5 19
5 76
8 68
6 5
4 19
1 81
2 11
3 49
7 65
2 47
9 91
8 84
9 16
8 48
6 14
4 49
2 45
8 76
4 24
1 29
5 72
8 33
5 8
2 7
9 20
3 86
1 85
7 81
2 74
6 8
3 65
2 53
2 74
8 98
4 98
8 21
10 7
7 33
5 29
1 25
4 35
1 61
2 88
9 34
3 100
8 44
10 96
3 22
4 10
3 43
7 0
4 93
7 60
2 9
9 97
3 45
5 91
10 28
1 18
4 8
7 3
1 23
3 68
10 13
10 98
9 25
8 75
5 15
2 21
8 80
1 85
2 90
4 33
9 93
9 3
7 59
7 41
1 18
10 99
5 85
5 83
1 47
7 44
9 86
9 53
8 24
1 90
7 37
7 71
10 18
7 37
6 88
1 60
4 44
7 65
3 35
3 58
4 23
6 52
7 79
2 13
2 75
1 51
8 4
7 13
5 19
5 29
2 5
4 20
9 33
4 7
4 36
7 64
5 23
7 27
4 49
5 52
1 58
10 49
2 69
3 17
6 5
4 93
3 33
2 18
1 21
10 77
1 1
4 84
5 21
5 58
10 89
2 41
1 11
7 98
3 7
7 21
6 67
10 44
9 85
9 24
3 33
5 3
3 22
4 17
5 59
9 84
7 79
1 71
4 63
7 80
1 97
3 90
1 98
9 84
4 25
7 19
6 19
4 4
3 61
5 47
8 55
6 45
2 35
7 79
1 31
10 82
4 95
8 15
2 53
5 13
3 25
9 8
2 43
10 58
7 67
7 53
1 17
6 94
7 8
6 52
7 25
4 46
1 17
4 93
9 83
4 38
5 20
1 85
7 37
1 12
1 13
6 0
1 74
2 38
8 14
10 48
7 13
7 22
3 15
1 43
7 37
6 83
6 46
1 45
5 70
6 18
6 41
2 64
1 44
4 16
4 40
8 42
3 25
5 8
6 88
10 100
2 11
3 14
7 2
3 33
4 81
4 35
7 79
7 75
2 38
7 92
7 23
3 4
2 35
2 51
2 5
2 58
8 80
7 76
4 91
5 3
7 76
3 49
5 99
4 6
3 76
9 98
1 3
5 10
1 17
6 98
8 34
6 27
4 72
3 30
2 73
4 33
9 58
10 83
6 16
5 60
6 46
7 41
5 64
3 28
8 91
6 45
4 34
10 88
2 29
7 15
4 51
5 90
8 88
6 1
8 87
5 88
10 50
1 79
1 33
10 16
7 43
3 45
3 1
3 93
8 0
5 65
6 38
7 41
1 45
8 8
9 81
3 57
5 37
10 8
3 78
3 100
1 8
10 20
2 9
9 97
7 99
2 11
7 3
6 70
5 1
9 26
4 87
9 72
9 8
10 48
4 0
6 85
2 35
10 80
9 29
3 97
5 49
4 100
6 95
7 69
7 28
4 38
2 16
3 4
9 8
5 99
2 14
3 40
7 35
10 92
6 7
9 23
5 54
5 64
9 72
10 56
7 38
3 37
8 95
9 26
3 61
6 34
5 51
9 81
3 97
1 58
7 86
5 29
10 47
4 45
5 92
2 84
1 44
2 38
8 35
1 45
8 29
7 84
6 80
4 95
5 38
4 8
4 39
7 24
9 52
6 19
4 52
1 83
6 81
9 22
3 11
8 100
8 33
4 69
7 81
4 40
9 98
9 15
2 6
9 48
1 47
2 32
4 17
8 98
8 77
6 4
6 45
1 1
9 56
6 74
7 16
7 10
3 50
8 43
9 57
1 22
2 9
10 60
8 78
8 39
1 8
8 7
5 54
4 61
1 15
6 17
9 85
6 44
9 8
6 62
10 92
1 55
5 47
1 36
7 94
7 95
10 13
1 55
8 44
4 100
9 23
8 48
8 2
2 22
4 93
9 52
6 73
8 1
6 13
1 32
4 20
3 79
2 25
6 0
1 27
3 83
6 10
3 19
3 23
9 91
1 56
5 100
9 0
6 100
3 52
2 86
5 75
9 74
3 52
7 35
4 71
4 81
9 34
10 97
2 40
4 83
1 51
2 26
1 37
2 7
5 48
3 55
8 66
4 45
3 63
9 100
2 59
3 11
3 64
8 16
10 21
10 70
2 58
1 23
8 41
7 49
6 77
1 13
1 93
2 25
2 54
9 70
10 79
5 47
4 94
6 67
6 38
9 43
3 7
4 89
6 0
7 17
2 85
4 86
7 29
4 76
5 98
6 64
4 91
3 66
7 39
1 27
6 82
3 48
5 50
5 21
2 34
4 70
7 22
8 53
8 74
10 35
9 83
4 10
2 90
6 63
4 15
8 48
9 28
1 33
9 1
2 98
3 78
5 82
3 11
2 35
9 81
3 35
7 29
10 77
3 53
9 14
6 41
2 89
9 57
8 16
4 95
9 33
9 72
1 62
1 15
5 23
7 0
10 44
3 47
9 11
6 91
10 11
2 51
7 81
5 94
3 45
1 71
6 86
6 83
8 19
9 21
9 50
7 70
7 56
7 31
1 12
3 66
7 91
5 64
4 85
6 75
2 90
9 1
6 33
9 80
1 38
1 43
3 21
10 14
7 100
3 91
7 30
9 24
8 4
5 95
9 18
10 56
8 10
8 65
2 57
10 2
10 95
3 98
9 78
5 89
1 32
10 28
4 42
4 58
5 22
1 21
8 37
5 46
6 18
9 50
2 70
3 91
4 26
4 6
6 75
8 57
1 48
8 1
10 33
1 0
4 77
6 33
1 90
4 56
1 32
10 69
1 63
7 58
2 37
10 42
2 44
8 89
9 83
1 23
5 40
2 0
6 12
8 52
9 87
9 9
2 1
2 76
7 71
7 74
1 79
2 71
4 55
4 39
3 31
6 93
6 36
5 73
8 73
6 87
2 65
3 69
9 46
5 69
8 63
2 22
3 92
4 93
8 41
2 0
10 98
7 66
7 27
2 71
8 96
10 7
3 42
10 84
5 84
6 4
6 1
3 3
3 18
3 91
7 85
7 17
5 16
9 4
8 93
7 38
9 58
2 1
10 48
4 62
2 33
3 13
7 10
4 46
5 100
8 6
2 64
5 40
9 74
5 1
8 64
3 38
8 91
6 85
7 20
6 65
1 7
3 92
5 58
1 5
8 87
2 92
1 9
5 8
10 18
1 32
7 22
1 25
6 45
8 4
8 27
6 54
2 70
10 3
4 70
4 72
8 95
1 15
1 92
3 34
7 35
7 58
3 21
5 18
4 89
2 99
5 72
8 43
4 20
8 9
3 88
1 14
2 99
8 88
7 83
4 94
7 67
10 68
2 92
4 28
3 57
6 14
10 24
1 39
7 46
2 85
6 84
3 5
5 80
8 24
5 82
9 37
7 8
1 97
1 81
6 37
1 55
4 57
2 79
8 13
1 43
3 85
6 22
1 73
1 52
10 51
2 94
3 13
4 67
9 64
6 40
5 28
5 70
8 1
9 52
7 27
3 45
5 92
8 70
8 100
6 46
1 84
5 31
6 86
9 66
3 57
4 87
8 25
7 12
10 87
8 71
2 19
8 48
1 42
10 41
6 97
3 78
5 11
8 93
5 23
6 47
9 97
6 54
2 37
4 8
8 11
5 36
7 60
4 9
2 35
10 73
8 82
9 91
3 90
3 89
10 51
6 87
3 89
6 26
8 84
2 31
7 43
4 28
4 59
2 61
2 44
10 35
7 37
7 7
10 70
6 62
10 96
5 96
5 18
4 61
3 57
10 50
2 37
7 36
6 51
3 47
9 0
1 47
10 34
4 38
4 29
4 21
7 6
4 26
2 15
4 71
4 87
3 65
5 92
8 27
10 75
4 3
9 84
5 56
9 61
4 62
1 21
3 74
10 54
5 65
8 9
9 94
10 59
1 7
3 16
9 9
1 1
3 73
10 99
3 81
8 84
5 94
6 57
1 97
5 48
6 21
1 10
5 100
3 82
8 60
5 68
4 24
10 63
5 72
7 37
2 18
4 74
8 82
9 50
7 9
6 69
3 88
8 65
2 15
5 16
4 40
8 77
2 21
4 26
9 57
6 93
1 48
5 6
7 25
9 42
3 38
3 62
5 99
5 90
5 2
8 23
10 89
1 13
2 54
9 47
3 67
3 64
6 64
5 39
2 13
3 51
2 28
3 81
4 38
5 95
8 96
8 94
8 89
3 78
6 89
7 39
1 56
9 32
9 9
7 0
1 59
1 31
6 39
10 29
2 0
6 76
4 31
5 25
3 1
7 87
6 39
6 94
6 18
1 71
8 11
1 81
2 8
5 49
4 42
3 44
2 66
7 81
9 64
1 97
1 80
5 46
1 69
5 72
9 6
9 17
9 62
2 36
1 5
1 60
4 6
5 13
10 28
3 13
6 56
1 60
9 93
10 94
2 5
4 8
7 95
7 37
2 11
2 8
3 50
7 66
9 31
10 10
4 6
8 25
2 98
6 29
2 39
8 89
8 68
7 42
9 86
3 5
8 13
3 55
1 42
5 5
4 33
8 24
10 70
10 51
4 47
6 77
1 100
3 36
4 74
10 36
5 9
4 38
2 70
10 66
4 4
6 72
10 6
7 87
3 41
6 52
4 45
1 76
3 91
8 75
9 65
6 88
8 20
4 33
2 59
4 33
4 47
7 80
2 55
6 34
4 85
7 5
10 51
9 77
7 44
3 15
1 83
8 91
2 60
3 99
9 42
5 92
9 69
7 9
6 86
4 5
1 37
3 81
3 91
6 40
3 0
2 6
6 91
9 33
1 14
4 85
7 99
9 34
5 60
9 28
1 91
5 17
2 95
4 74
5 10
4 10
10 14
3 85
9 68
5 3
7 64
8 82
9 53
4 86
7 69
9 29
8 98
2 12
1 38
2 86
9 20
10 28
7 71
4 90
3 49
7 90
2 78
8 77
9 93
3 62
3 67
2 48
9 37
2 68
1 16
9 36
3 49
5 22
4 25
4 87
10 72
7 38
5 55
1 64
6 54
6 22
7 74
4 99
2 56
7 12
1 57
4 9
2 82
2 95
1 83
6 72
2 14
7 68
5 55
10 70
8 4
7 39
4 9
7 85
4 5
1 17
3 94
5 74
8 97
3 70
8 12
9 53
9 51
5 98
3 27
4 79
7 33
3 18
5 71
2 77
2 51
4 55
1 54
3 87
6 78
5 40
1 59
4 74
10 22
1 35
10 86
2 55
3 57
2 45
10 2
7 87
2 46
10 6
2 40
3 19
5 8
3 98
8 44
3 80
10 61
10 36
9 47
2 33
7 68
9 89
6 12
10 59
6 17
8 60
3 36
3 15
5 98
3 79
9 26
8 73
9 29
3 25
5 9
1 3
1 58
5 15
1 33
6 24
10 43
3 10
7 45
8 41
9 54
4 53
9 57
10 14
4 81
4 59
5 60
6 42
1 63
5 54
10 35
4 80
10 57
9 83
6 93
9 41
2 52
8 58
2 43
6 38
10 15
3 30
4 46
6 40
9 72
10 83
8 20
7 91
8 92
7 24
2 38
5 40
4 21
6 82
4 93
2 10
10 6
3 37
1 82
5 38
5 56
6 73
8 92
6 15
6 93
3 81
6 15
3 32
10 84
4 39
5 73
2 57
10 23
1 0
7 65
5 84
10 24
10 15
7 98
2 50
1 35
3 26
1 50
2 84
4 96
10 54
4 95
9 10
3 52
3 0
5 6
3 28
2 1
4 4
7 71
10 47
5 18
8 34
8 18
10 75
3 53
8 19
7 66
9 31
5 78
3 76
9 67
8 70
4 29
10 14
2 12
7 21
6 84
3 6
8 25
4 30
9 89
4 28
10 32
5 41
7 9
9 56
3 92
4 22
6 95
1 53
3 60
6 27
5 44
5 14
10 36
4 12
1 51
2 31
1 57
8 22
3 52
2 29
1 65
1 50
6 97
9 48
10 7
2 33
4 98
2 57
7 28
8 0
8 36
3 47
2 38
4 21
9 33
4 82
4 2
1 63
4 42
10 0
4 29
9 10
4 16
6 2
3 95
3 21
9 14
6 16
10 18
10 14
2 48
5 55
4 4
1 45
1 7
9 86
8 22
1 44
7 89
2 13
4 26
8 38
8 17
2 19
2 27
5 6
3 97
2 97
2 37
5 47
7 81
10 15
1 9
4 90
7 93
7 39
2 24
5 19
6 28
2 14
9 33
4 0
3 89
4 34
5 29
7 42
1 68
2 36
8 65
5 9
3 41
9 39
1 4
9 85
2 38
6 76
6 96
1 73
9 75
3 69
1 64
9 37
9 51
6 33
8 56
10 18
10 63
3 22
5 94
1 97
10 46
7 74
7 99
3 21
1 96
10 72
8 16
4 56
5 74
7 93
2 71
5 30
1 47
3 89
8 51
5 28
3 81
8 96
7 53
6 40
3 9
2 51
2 33
2 5
8 50
1 67
8 36
1 33
3 34
8 81
2 97
3 47
4 93
9 32
5 100
2 16
3 68
7 59
7 38
10 79
1 60
4 39
6 47
8 45
10 22
8 80
10 3
1 95
1 76
2 34
2 37
4 63
7 88
8 81
2 23
3 86
1 99
10 28
9 99
9 25
8 93
2 16
4 96
3 93
4 2
1 28
5 100
9 35
9 71
1 61
4 29
10 97
10 4
6 22
3 46
7 42
3 87
3 66
3 100
1 70
9 100
5 78
9 35
3 10
6 64
3 13
6 72
9 90
7 90
2 32
2 27
4 59
3 66
7 27
7 61
5 3
4 8
10 28
4 87
6 93
7 1
5 12
9 42
6 59
3 98
5 8
9 14
8 36
1 52
4 76
8 54
8 77
5 12
9 7
10 27
8 37
3 9
10 10
5 88
3 87
4 24
6 41
4 38
3 77
6 21
9 39
10 7
2 20
6 23
7 44
7 17
6 49
7 40
3 56
8 15
7 37
10 38
4 26
9 91
6 64
3 21
1 61
10 74
1 1
4 80
7 93
4 4
7 78
8 72
9 27
7 42
10 96
4 4
2 62
7 59
2 41
10 14
6 59
3 28
1 57
1 87
4 26
8 97
4 30
9 24
4 31
4 15
7 96
3 85
7 89
1 85
1 37
3 19
8 13
1 81
5 42
9 11
6 85
4 85
8 35
1 21
7 53
2 6
3 21
3 68
8 55
3 94
1 60
5 98
5 45
8 67
10 75
10 37
6 41
1 33
4 87
9 92
1 99
4 36
10 76
1 8
10 53
1 10
3 15
3 11
7 81
1 93
3 23
6 91
9 38
10 80
3 22
3 30
4 55
2 20
1 94
1 1
8 97
2 51
2 68
3 18
5 62
7 21
5 77
9 98
4 54
7 30
9 16
6 67
4 36
10 72
4 74
2 54
3 56
4 30
1 68
4 14
4 29
7 1
7 46
10 10
2 79
7 63
10 4
6 14
3 24
5 75
2 19
9 17
2 49
9 45
10 44
9 21
9 17
6 42
10 61
7 60
10 14
7 51
2 91
5 48
3 71
5 38
5 89
8 72
3 62
4 26
5 18
8 93
7 82
5 97
1 25
1 14
7 66
3 51
5 30
3 21
10 20
2 1
2 6
2 98
6 2
4 22
3 99
1 9
6 21
1 43
3 93
1 45
5 79
8 22
4 64
7 76
10 87
10 84
8 54
10 41
10 23
8 72
3 25
4 87
4 91
4 80
7 61
3 78
6 33
9 67
5 95
7 0
6 28
8 70
9 30
10 60
5 43
2 21
10 52
8 65
3 20
10 9
4 22
8 45
7 24
2 12
4 73
8 83
1 65
2 47
6 99
2 30
10 72
7 2
5 54
3 23
6 57
10 18
2 95
1 34
6 22
1 75
7 12
4 59
4 62
7 24
2 62
9 45
2 82
4 93
10 38
8 72
1 13
1 30
4 72
10 97
9 47
4 98
7 81
2 10
4 73
1 63
9 36
6 54
2 15
2 24
2 32
10 36
3 76
9 18
1 13
2 56
9 61
5 45
1 43
10 52
4 23
5 80
7 93
2 46
7 96
1 33
8 38
2 26
2 92
8 4
8 27
4 65
3 12
7 13
1 74
4 1
8 99
1 2
9 17
7 58
5 80
1 64
9 68
8 8
6 14
7 67
10 43
4 11
5 58
2 5
5 45
9 51
2 13
10 26
1 83
7 57
7 73
7 9
8 90
6 36
1 37
9 62
9 40
10 65
10 11
6 24
3 64
5 82
2 60
2 41
3 70
6 90
6 19
2 76
1 88
8 17
9 15
5 79
5 100
6 32
10 10
7 61
7 78
4 4
4 33
10 43
3 91
7 35
3 29
8 99
9 80
10 75
2 20
4 30
5 40
3 85
7 96
10 10
3 2
1 78
9 70
4 52
6 32
1 60
6 36
3 24
8 11
7 56
7 96
7 81
1 41
4 45
9 16
6 7
5 92
1 44
4 20
8 95
7 8
5 17
1 42
10 96
9 10
7 36
7 0
1 40
6 75
5 9
3 76
1 63
2 85
3 67
2 87
6 99
2 47
6 87
10 89
3 11
1 59
7 32
1 43
5 18
6 87
2 27
10 81
3 71
5 97
2 98
8 86
1 86
4 29
5 16
7 36
7 63
2 64
6 31
1 62
4 61
5 75
5 65
8 18
1 38
4 60
8 24
4 77
9 18
10 87
9 72
2 50
8 1
7 75
8 90
3 86
4 94
8 50
8 13
6 44
6 23
4 100
9 81
5 8
9 79
1 95
5 59
10 54
7 48
1 66
8 75
2 64
3 68
10 86
9 52
6 93
8 54
1 51
4 32
4 58
5 45
7 6
10 3
3 78
5 21
7 25
9 68
10 7
7 60
8 47
7 51
2 37
5 30
2 56
9 9
3 11
1 38
8 46
1 47
6 90
7 59
1 27
6 47
9 100
9 1
4 15
7 30
3 64
1 46
6 4
3 51
1 40
3 93
4 82
8 71
10 76
10 3
9 91
2 36
4 100
6 80
10 40
4 82
8 58
8 47
6 15
9 81
9 79
10 60
6 51
10 26
4 67
7 29
4 47
9 99
2 30
9 93
5 89
3 11
3 25
1 85
4 43
10 12
6 93
7 38
9 28
1 94
10 68
4 77
2 31
5 31
8 3
4 73
10 20
4 15
8 98
6 56
8 55
9 75
3 33
10 68
2 16
4 85
5 28
9 95
10 52
1 66
7 20
1 65
4 92
9 26
2 43
1 80
7 41
3 4
4 14
8 36
2 29
2 81
4 82
3 76
9 27
2 48
7 31
3 4
3 12
10 24
8 54
9 4
5 59
3 77
8 12
5 80
7 80
2 85
9 18
7 30
5 37
6 67
2 44
9 81
6 59
6 2
8 63
2 92
8 90
1 2
9 49
8 85
2 31
7 56
3 82
4 68
9 14
7 93
3 89
2 26
6 25
8 64
6 85
9 56
3 81
7 78
4 85
2 17
6 31
7 6
4 81
6 42
4 2
4 55
2 80
1 95
4 59
3 17
1 6
2 3
10 25
8 13
2 34
4 40
2 19
4 27
2 99
10 42
3 24
6 38
2 41
6 16
1 97
9 99
3 60
3 12
9 51
2 82
4 94
1 66
9 75
8 9
3 54
2 94
1 1
1 44
5 35
7 92
8 4
1 60
5 53
8 79
6 100
2 10
6 44
1 41
1 18
2 60
5 73
9 80
3 62
4 12
7 76
7 25
3 3
3 68
9 15
7 14
2 86
6 15
3 64
5 40
3 0
4 65
4 15
9 31
10 89
1 6
3 18
8 49
4 71
7 56
5 98
7 54
8 15
1 7
8 76
2 73
5 38
5 53
3 84
8 48
3 10
6 18
7 19
6 99
1 4
10 41
1 87
7 51
9 41
2 66
5 97
4 62
1 41
3 5
9 65
5 36
2 47
6 85
4 17
2 22
4 61
9 22
2 45
10 95
6 38
2 12
8 8
10 16
1 60
10 93
8 7
2 34
4 81
5 88
9 9
5 82
2 4
3 95
4 61
10 74
9 91
5 23
5 41
7 38
8 29
3 74
8 80
3 15
4 57
8 5
7 39
5 55
8 8
9 79
10 30
1 59
9 25
8 19
6 61
9 2
4 14
8 22
3 71
1 51
2 5
4 81
4 69
6 95
10 72
1 72
7 20
7 73
9 100
8 71
8 47
8 53
2 62
7 61
10 15
6 44
5 57
3 53
2 22
4 93
7 23
1 14
1 9
2 68
10 82
2 9
3 87
6 55
4 59
3 21
2 67
4 51
10 30
5 92
6 38
8 2
6 49
3 58
10 5
6 68
5 19
3 46
9 7
2 54
4 19
8 79
6 48
1 1
7 10
8 78
3 26
9 86
10 22
8 8
6 60
2 75
2 90
5 44
5 5
2 77
6 10
2 75
3 63
4 68
2 74
3 51
6 62
6 21
8 64
4 57
4 71
4 41
4 50
8 19
6 33
4 8
2 100
8 24
5 49
8 68
6 14
1 95
5 55
4 52
4 2
8 93
2 80
10 73
5 3
6 73
9 86
5 59
7 71
10 12
7 92
1 26
6 48
6 12
5 41
1 100
9 12
1 77
9 76
5 33
5 97
6 2
8 8
4 8
3 41
5 78
9 92
2 12
2 49
4 43
8 61
2 33
8 48
5 19
4 47
8 26
1 70
9 92
1 46
1 26
8 61
7 67
4 34
4 43
6 11
10 93
2 63
8 35
7 57
3 91
6 96
3 55
3 47
3 61
10 100
9 33
4 78
5 6
8 90
3 12
2 84
6 21
3 20
3 25
9 39
7 10
8 56
4 85
10 83
8 50
6 25
2 81
8 50
1 39
3 73
3 60
7 32
2 4
5 80
4 75
2 79
3 14
3 97
8 58
1 83
4 38
8 72
5 48
6 64
10 86
1 32
8 19
6 10
7 52
2 44
4 83
5 5
9 57
1 33
2 4
2 61
3 74
8 84
4 17
2 72
5 65
7 88
7 99
9 74
1 25
10 98
2 57
8 28
5 56
7 80
3 82
3 68
6 42
6 8
3 70
6 98
7 90
1 66
3 2
6 55
4 62
1 61
8 28
7 10
10 98
9 42
7 32
4 22
2 35
6 26
2 35
7 11
10 97
4 14
4 83
1 40
7 20
3 22
2 51
10 76
4 62
2 5
5 66
1 70
4 22
10 62
9 2
5 38
9 100
10 84
5 72
2 73
8 58
8 97
6 42
9 86
5 65
8 62
2 80
8 86
2 77
2 83
6 58
2 57
1 52
3 3
2 28
3 68
8 50
2 15
4 9
9 70
1 45
6 68
1 86
10 46
4 8
10 73
10 58
2 1
2 1
1 93
2 36
1 4
3 21
7 71
4 44
5 64
3 36
6 32
8 6
4 15
4 75
7 82
1 26
10 72
6 56
10 82
9 52
1 55
6 97
9 10
2 9
8 56
1 98
7 63
6 30
9 78
5 11
3 22
10 21
9 6
2 40
10 88
10 30
3 10
6 61
6 56
6 69
5 18
7 11
10 85
5 70
7 5
5 47
4 35
7 24
8 66
8 35
8 66
7 42
3 90
10 64
7 92
1 100
1 46
10 23
7 5
5 5
8 81
7 36
6 99
10 65
8 25
2 81
8 37
10 38
6 69
8 20
2 66
8 43
7 73
6 2
9 20
3 23
6 13
3 59
4 82
10 28
6 49
8 26
8 11
3 56
9 97
1 23
3 10
9 95
6 43
4 92
5 40
2 16
1 27
5 66
9 16
3 87
10 87
1 98
10 69
1 61
10 60
4 71
9 77
1 5
9 94
10 81
1 41
6 97
5 32
1 68
2 24
8 17
2 13
5 57
8 37
3 44
10 52
6 39
4 84
8 56
1 50
4 8
7 7
9 45
7 75
4 76
7 42
4 86
8 12
1 94
2 52
7 30
6 94
5 54
7 92
7 49
4 95
8 21
3 52
9 83
10 74
5 59
7 33
7 70
5 73
6 48
1 33
3 63
5 51
3 4
4 94
3 98
4 91
4 48
10 90
5 36
8 71
9 53
2 69
7 43
5 98
8 71
9 69
9 24
8 10
4 91
2 42
2 36
2 96
9 11
10 24
6 57
1 4
10 78
7 36
4 36
2 9
5 52
2 96
8 21
2 44
2 34
7 87
2 16
8 16
9 23
7 55
5 73
7 39
2 22
7 26
10 49
6 74
10 8
3 16
10 36
6 36
4 49
6 26
4 20
5 23
2 63
3 1
2 66
2 64
3 84
2 34
2 28
8 14
1 59
8 18
8 39
3 27
1 15
2 68
7 98
8 15
1 88
4 65
2 76
3 80
8 0
3 86
2 84
7 71
10 85
9 56
9 98
7 4
9 50
8 98
3 99
7 71
3 86
5 63
5 63
6 44
5 81
3 3
10 15
2 76
2 4
7 73
1 42
4 59
8 82
6 38
3 85
10 63
3 27
5 46
4 78
1 99
6 82
5 18
9 25
4 46
4 19
2 54
5 3
8 73
10 100
1 53
7 0
7 14
6 34
5 47
5 40
6 54
7 50
3 68
9 77
6 87
2 30
3 65
3 18
5 97
9 100
6 93
3 94
6 55
2 33
10 28
4 35
10 80
4 7
9 95
3 58
2 88
2 18
8 2
1 23
8 60
10 61
7 80
5 42
1 91
5 36
10 63
9 49
3 3
1 3
2 80
5 62
7 15
8 61
4 49
8 58
6 72
1 86
7 48
1 69
4 91
10 51
5 60
9 28
4 18
7 41
4 7
2 66
4 16
9 11
5 19
9 17
5 28
4 56
7 25
6 48
8 84
5 49
10 46
7 8
3 64
2 13
10 62
8 0
9 41
10 66
7 9
9 93
1 93
5 9
7 73
8 5
7 36
10 90
9 72
8 23
9 66
8 12
2 68
7 76
5 11
5 97
5 27
2 22
8 42
2 4
3 13
9 88
7 75
8 1
7 100
7 23
3 10
10 56
10 71
4 98
10 12
8 21
4 4
5 98
6 31
9 21
3 83
5 37
2 46
8 64
9 92
5 90
6 50
6 43
4 76
7 56
8 98
2 0
3 91
9 66
8 69
3 55
1 49
1 51
1 5
8 12
9 27
10 30
10 49
7 20
1 87
5 22
10 1
5 40
8 61
9 74
7 99
10 15
2 38
1 86
10 51
7 88
10 19
10 21
1 57
6 9
1 68
2 70
3 23
2 57
1 60
10 91
7 55
9 25
7 85
4 71
10 35
6 35
1 53
9 85
2 85
6 43
2 95
7 87
8 26
8 70
10 80
1 1
7 73
6 40
8 76
8 74
4 2
9 70
9 85
4 7
9 65
4 27
10 31
4 93
9 69
7 86
6 15
9 67
10 0
5 64
2 2
9 77
6 75
8 50
1 53
9 16
1 7
2 31
8 50
6 58
5 56
10 24
2 15
9 23
10 87
4 12
9 72
1 82
5 11
7 97
7 87
7 0
1 17
7 86
3 71
3 32
6 68
3 46
4 13
8 83
7 21
1 41
7 98
8 8
6 22
4 35
2 30
3 12
4 37
4 1
5 5
9 41
7 39
6 39
3 81
5 69
7 40
1 56
1 42
6 80
7 38
2 65
2 20
3 51
3 32
5 58
2 92
3 71
6 9
7 84
7 49
3 7
5 30
2 25
3 75
1 90
8 32
9 62
8 28
2 94
2 93
10 97
2 18
1 73
8 52
4 23
9 63
3 85
8 69
10 40
4 72
8 0
2 97
3 19
3 6
10 82
6 69
5 18
10 76
5 12
4 58
10 7
6 30
10 23
4 32
5 27
1 86
6 3
4 62
1 14
6 40
2 58
8 83
7 32
8 18
2 64
6 26
4 90
9 42
1 21
7 94
10 56
9 12
4 20
1 92
4 54
5 78
8 41
4 7
9 53
6 12
6 69
2 92
1 75
5 60
10 71
6 53
1 78
6 17
3 18
6 2
3 49
10 3
2 51
4 42
5 87
8 91
3 37
10 91
2 71
4 38
1 77
1 87
4 53
2 62
1 54
8 65
2 39
10 6
3 72
6 4
5 83
2 20
7 77
8 36
2 10
9 70
9 13
4 87
10 72
1 88
8 76
10 79
6 10
8 66
6 28
2 83
7 98
9 44
4 40
7 77
1 52
4 50
3 19
2 80
6 12
8 93
1 75
8 54
7 19
3 82
9 10
7 49
2 62
8 46
4 96
6 89
10 64
2 82
5 100
4 32
3 89
5 77
7 94
4 59
2 91
6 68
2 51
4 6
8 62
5 40
1 33
3 39
7 19
6 21
5 31
3 25
5 80
5 74
4 41
5 11
5 30
7 7
7 81
9 17
7 59
1 11
8 1
5 81
5 13
6 33
10 0
6 5
10 78
10 74
2 68
7 64
2 49
4 13
5 55
5 49
3 52
8 64
3 95
2 84
9 44
1 58
3 6
6 53
7 67
9 3
5 9
9 4
9 24
5 51
6 36
5 5
7 5
8 74
8 61
4 61
2 56
7 52
8 41
5 33
4 55
10 55
10 27
2 47
9 36
5 24
10 17
4 42
4 43
7 71
7 58
6 34
6 37
5 22
3 97
8 62
6 82
2 43
3 46
9 67
9 21
3 82
7 76
1 21
9 87
3 39
6 65
1 52
10 53
4 44
4 4
3 95
4 93
6 93
1 97
1 87
5 94
2 69
7 65
10 0
8 2
10 56
7 28
4 93
1 50
7 1
9 67
3 33
2 40
8 74
2 18
8 95
10 47
2 8
1 93
8 14
7 78
6 19
4 42
1 6
3 77
8 23
5 4
8 98
9 11
6 95
4 34
6 98
4 52
4 73
7 18
7 71
10 43
8 6
9 89
3 65
8 98
9 46
10 91
3 33
10 72
4 100
10 25
2 48
6 19
7 17
6 10
6 12
2 15
1 54
9 65
6 91
9 69
6 29
8 25
2 83
6 41
2 63
2 45
6 89
6 57
7 61
4 84
4 32
7 97
2 29
6 80
4 55
4 19
3 83
9 45
7 84
5 58
5 90
2 43
4 18
9 15
7 25
1 92
2 52
6 3
4 17
6 45
2 10
3 48
6 46
8 42
2 88
7 39
5 81
2 3
3 18
8 61
5 40
8 0
10 51
7 97
1 15
10 66
10 64
1 93
5 67
2 5
6 42
10 90
4 23
4 43
1 24
7 100
1 15
3 29
6 69
1 79
5 65
1 99
4 91
6 13
6 5
3 91
5 59
4 72
3 12
1 83
6 84
8 49
5 42
6 25
7 38
7 81
9 20
2 87
7 24
10 69
1 53
9 12
10 50
6 46
6 77
3 12
1 45
3 91
5 83
8 74
8 80
10 77
5 69
9 3
10 66
3 31
1 37
1 3
5 99
6 2
4 14
6 70
9 71
10 35
1 25
8 52
1 26
9 11
3 43
6 26
1 43
7 65
4 80
7 71
9 96
5 66
4 46
3 78
3 57
6 94
7 67
1 65
6 39
7 77
2 98
1 92
8 44
6 36
7 23
5 0
2 90
3 2
9 37
2 67
7 10
5 95
3 14
1 76
10 20
2 69
1 14
10 90
2 83
7 45
7 54
9 66
6 32
5 54
8 5
3 87
9 87
9 22
3 85
4 51
2 46
9 44
10 18
5 12
9 40
3 91
5 55
4 78
2 16
10 1
3 77
8 59
1 28
6 3
7 5
9 51
4 90
2 67
7 61
10 53
2 52
8 32
5 61
4 62
6 36
5 94
9 26
3 0
2 24
5 58
6 86
6 45
1 77
5 96
7 25
4 51
2 33
8 64
4 69
7 47
2 84
2 55
6 20
7 75
1 90
7 64
3 38
10 97
5 99
4 83
1 76
10 93
1 77
4 8
4 83
9 78
4 85
4 9
7 41
2 14
6 71
7 3
1 76
3 92
6 88
7 98
7 43
2 93
6 55
7 7
10 81
6 75
8 38
6 99
5 38
1 88
4 46
9 35
1 22
1 86
4 76
10 42
8 52
3 47
10 95
3 69
8 54
5 46
5 85
1 44
3 44
4 39
9 91
7 37
2 11
9 26
2 83
9 58
4 77
8 57
10 25
9 60
6 60
4 95
4 58
1 87
9 17
4 83
10 49
5 49
1 33
6 9
3 17
9 49
1 95
10 53
6 63
10 35
5 33
2 76
6 12
7 62
6 77
8 80
3 2
10 64
7 95
9 6
8 0
5 81
8 94
4 98
2 85
3 96
2 98
5 40
1 21
7 87
4 27
2 52
9 91
9 65
5 58
4 16
8 39
3 47
3 90
5 50
4 66
6 52
5 20
8 94
4 12
3 46
10 30
5 95
9 59
2 73
7 49
1 73
4 11
7 41
3 19
1 82
9 29
9 66
1 93
9 6
8 3
9 86
5 13
6 9
3 94
6 17
2 72
1 20
6 50
10 98
8 58
10 16
10 82
4 0
2 61
8 63
5 74
8 80
1 41
3 58
1 54
4 15
4 25
6 26
2 51
4 29
3 81
7 60
10 73
8 51
4 1
2 63
4 3
6 28
6 57
5 36
7 81
8 52
5 5
4 9
8 43
7 1
10 92
5 26
2 35
1 42
9 3
3 30
4 90
4 97
1 94
8 69
2 33
10 78
9 49
8 86
2 59
5 15
10 90
6 81
3 27
8 4
3 61
2 49
5 49
1 77
5 28
2 64
6 34
1 59
5 21
5 85
4 55
8 68
9 21
2 91
9 82
8 21
1 96
1 21
10 33
8 87
3 91
4 82
10 66
7 45
6 9
6 44
4 46
2 89
5 55
6 21
10 28
7 19
7 86
1 100
3 54
1 67
8 19
9 2
10 0
8 53
9 69
9 22
5 14
7 53
5 19
8 86
8 33
6 5
7 92
9 100
10 88
7 76
2 49
8 25
9 32
2 87
10 3
2 14
6 62
5 14
3 100
6 49
9 59
5 28
3 17
10 18
4 70
10 93
5 19
7 54
9 31
7 13
8 96
4 96
6 2
1 72
9 42
3 80
5 0
9 44
4 100
4 46
5 65
1 85
5 90
7 24
8 68
7 85
5 0
2 82
5 46
10 56
3 40
8 62
5 20
7 90
3 38
2 30
10 45
5 93
6 71
2 72
2 9
1 30
4 56
8 41
6 45
10 57
5 47
1 54
8 2
2 67
7 74
3 12
2 20
10 17
3 29
10 0
3 90
5 96
9 51
6 76
9 28
3 100
2 25
5 19
6 83
4 12
7 69
10 92
9 10
8 19
9 26
10 17
6 2
8 100
6 73
5 36
5 11
9 0
5 36
2 41
9 93
2 55
9 19
4 28
8 100
6 18
10 19
1 85
2 33
5 67
5 87
8 81
6 1
5 65
2 19
4 41
2 99
7 4
1 50
7 3
1 99
9 63
6 50
3 37
2 84
8 53
5 81
2 5
5 65
1 72
10 50
3 85
5 48
3 49
7 42
5 87
6 20
8 4
1 85
2 11
1 96
9 19
9 79
10 44
6 9
4 86
10 47
3 16
3 9
9 52
7 74
1 17
4 48
4 15
9 72
1 56
10 17
4 34
8 54
10 24
8 50
5 46
6 79
7 59
10 26
10 52
6 95
4 0
8 77
8 56
2 94
10 32
3 29
8 4
8 1
9 14
4 81
5 77
5 66
4 36
4 9
4 62
10 22
7 51
6 86
8 68
8 45
2 12
5 12
3 85
7 31
8 47
8 78
2 21
3 91
10 55
7 14
1 31
9 91
3 98
10 41
8 94
6 36
4 18
5 28
2 46
7 32
1 28
10 91
7 55
1 97
10 92
8 26
2 23
2 81
7 29
10 95
3 49
7 52
9 29
3 57
4 62
9 38
10 16
5 65
7 6
10 58
9 53
2 66
8 48
6 20
7 32
3 62
8 28
8 86
2 42
8 52
7 63
4 43
5 10
7 88
5 72
5 37
8 54
10 86
1 73
6 5
7 72
9 66
9 6
1 52
9 48
2 11
1 54
3 8
4 17
3 65
6 71
5 64
5 60
10 80
8 14
7 57
2 3
7 37
5 86
4 46
2 30
6 60
8 76
3 34
3 76
1 2
6 69
3 43
7 77
3 20
8 91
1 32
4 26
2 9
7 15
6 31
5 89
2 62
1 70
2 60
1 35
1 96
3 45
7 22
8 36
3 7
3 73
6 14
4 47
10 98
7 19
5 29
5 49
2 97
10 79
6 99
8 83
7 54
7 66
2 63
1 65
10 17
4 49
2 64
6 48
7 26
9 24
1 70
6 69
1 85
3 90
10 9
6 23
3 27
4 58
1 19
3 88
8 40
4 39
10 59
4 40
3 59
1 85
5 3
7 11
6 35
10 23
10 76
6 23
10 37
8 54
6 70
9 21
1 40
2 34
6 100
7 53
3 42
1 14
1 78
2 2
10 26
1 53
10 61
2 23
1 5
6 47
10 75
10 53
3 39
5 11
6 40
9 41
8 3
7 11
5 54
8 44
2 44
1 38
3 68
7 43
8 21
7 72
1 31
9 19
3 53
6 40
5 6
5 54
1 49
6 93
5 81
1 93
1 67
1 59
1 96
1 52
9 8
10 81
4 97
7 49
9 85
1 82
1 94
5 42
5 70
6 19
4 99
3 91
3 43
3 90
8 26
2 68
3 47
3 70
3 45
8 63
9 60
2 13
1 56
4 40
3 5
2 25
6 75
7 36
8 33
3 86
2 5
9 27
9 60
7 77
9 99
5 0
8 80
9 77
3 53
10 44
8 64
5 19
9 97
1 24
5 17
7 5
10 81
9 93
6 21
1 33
7 52
10 12
4 51
4 20
7 70
8 80
10 95
7 72
2 85
4 26
7 85
6 1
1 98
7 95
4 78
10 88
7 100
7 57
5 57
9 80
9 26
2 31
9 54
5 98
6 81
1 63
3 24
2 38
3 61
5 90
7 5
1 74
4 16
10 56
6 92
2 87
4 61
9 40
3 20
4 7
2 43
4 43
5 45
10 74
2 75
4 55
6 98
6 26
3 37
10 90
6 39
9 19
5 77
7 19
1 96
2 77
3 90
7 84
2 85
5 2
3 37
9 67
9 14
6 66
9 61
5 78
10 1
2 81
4 94
1 56
6 97
3 88
7 41
10 60
1 24
4 2
7 97
1 96
9 29
8 12
2 92
6 79
4 100
10 63
7 67
4 56
9 84
3 82
6 59
5 19
6 68
4 9
2 23
2 44
6 47
10 78
6 52
2 17
1 30
5 67
1 93
9 38
1 38
2 93
6 39
8 59
9 82
4 14
7 74
5 82
3 24
5 21
5 16
1 38
7 70
8 27
7 78
3 92
6 60
4 53
4 14
4 16
8 67
2 55
7 72
3 87
5 78
2 35
8 84
5 86
7 91
3 49
8 89
1 90
1 7
7 46
9 21
9 40
3 62
3 0
8 39
4 34
5 96
6 71
8 30
10 72
1 18
7 34
2 24
9 37
7 100
10 44
4 44
4 89
7 45
4 91
1 32
8 88
4 51
8 96
6 91
8 62
3 30
9 67
5 88
7 86
2 54
9 60
10 64
1 31
3 55
3 3
6 59
1 6
6 60
9 68
1 26
7 37
5 5
2 3
8 4
4 11
6 7
6 83
4 60
6 95
2 92
10 63
3 19
7 45
2 34
3 77
3 33
5 27
1 83
8 27
3 64
10 80
4 92
10 6
8 72
2 64
3 27
1 81
5 8
5 31
7 55
9 50
9 56
5 8
6 20
4 52
4 48
2 83
2 70
6 52
1 82
4 52
8 91
8 100
9 94
7 98
2 25
10 3
2 22
4 80
5 12
10 86
2 70
4 9
2 35
8 3
10 72
1 12
4 28
10 90
8 1
10 50
4 45
9 98
4 92
5 84
1 42
4 42
8 45
9 87
3 65
2 14
8 19
8 70
2 78
8 70
6 22
9 48
3 56
3 84
10 4
3 42
5 4
5 24
1 19
8 76
2 44
3 26
1 14
2 60
6 33
8 76
4 31
3 91
7 11
4 34
5 49
4 80
2 97
1 30
7 17
4 7
9 27
4 32
2 64
9 18
8 75
2 31
6 61
7 5
4 100
1 28
7 4
3 23
9 94
3 77
7 84
6 67
9 2
2 74
4 6
9 100
5 49
3 69
2 43
6 87
3 95
10 44
2 61
10 5
4 84
1 99
10 22
5 17
4 25
7 68
1 16
5 6
6 63
8 15
9 13
8 48
7 37
8 38
6 28
1 82
4 91
1 29
1 82
9 81
7 8
1 80
2 21
9 63
2 94
6 88
8 23
1 90
5 46
7 57
1 83
7 82
1 32
2 9
6 72
2 88
7 73
10 70
1 90
3 12
1 21
1 49
3 69
2 33
8 88
3 21
4 22
4 60
7 23
9 62
3 82
2 72
3 58
5 15
7 23
3 4
9 2
3 40
5 81
1 33
8 74
9 69
8 63
4 22
5 74
3 51
7 78
8 33
4 17
1 82
7 82
4 10
6 29
7 3
2 30
1 77
1 71
9 42
9 68
7 26
4 32
7 29
4 21
3 21
1 37
7 69
9 73
4 14
4 66
10 86
4 41
1 10
6 89
2 63
4 58
4 8
3 14
5 5
1 31
8 68
3 27
9 56
10 100
7 51
5 9
5 98
1 10
8 83
2 69
9 49
6 23
3 70
9 93
6 78
5 25
9 47
2 79
1 72
6 0
5 71
1 40
6 58
5 48
7 40
3 39
2 32
6 88
5 1
1 65
8 51
5 80
7 59
2 72
10 51
1 97
3 59
4 37
1 72
2 95
1 73
3 49
3 29
2 64
10 63
6 99
6 92
10 50
9 17
8 45
7 23
10 82
10 78
10 65
5 42
3 78
1 59
6 20
8 0
1 91
3 17
2 55
10 33
8 63
3 1
10 76
5 84
8 87
5 31
2 91
4 67
7 58
2 26
5 37
5 1
8 59
5 75
4 99
7 61
4 48
7 90
10 91
3 68
3 35
8 48
10 72
7 14
6 27
3 4
1 88
3 48
6 54
7 5
10 95
3 96
10 73
9 37
8 53
10 46
3 89
4 57
7 11
5 93
1 9
3 77
8 38
2 62
5 62
6 26
4 97
10 92
3 29
10 40
8 92
3 75
6 43
3 44
7 45
6 25
3 86
3 87
8 23
3 92
3 84
9 20
9 65
9 9
8 23
7 62
10 0
9 8
8 34
2 89
3 37
10 97
10 89
4 54
10 3
5 89
6 65
6 66
4 14
4 17
2 96
8 18
1 93
7 100
2 17
1 28
2 67
4 98
1 65
7 22
10 60
4 11
3 17
2 20
7 11
6 97
3 49
9 48
10 20
9 18
1 94
4 95
1 35
7 20
3 73
10 42
10 90
1 85
8 22
5 1
1 18
2 83
2 95
5 14
4 50
1 9
10 21
3 16
10 36
2 48
4 17
6 25
2 90
10 97
2 33
6 7
7 16
1 59
9 93
7 48
4 68
9 65
6 29
4 31
4 33
3 63
3 49
8 60
7 73
7 25
5 28
1 38
4 39
10 59
4 39
9 57
7 52
8 85
2 11
9 59
1 52
2 4
9 37
2 92
3 96
8 6
8 69
9 89
9 1
1 38
3 4
3 83
5 44
6 2
7 50
6 86
4 25
10 13
7 41
3 70
6 57
6 97
8 0
10 41
4 32
2 69
9 47
5 85
1 46
10 85
6 43
6 78
1 73
2 73
3 28
7 71
5 43
6 100
7 46
8 62
10 61
1 77
9 21
6 29
5 25
9 10
5 22
6 31
2 34
4 59
4 45
9 90
9 86
10 52
9 59
2 55
7 43
1 70
8 47
2 54
9 71
1 20
8 33
6 36
10 10
10 99
4 41
10 73
10 61
4 15
5 94
8 27
7 19
4 22
8 74
3 8
7 35
3 54
5 54
10 38
3 75
2 33
9 67
5 8
2 67
1 7
9 32
5 63
7 56
3 81
3 14
5 58
3 2
4 46
1 13
3 90
5 18
7 80
4 96
1 79
4 13
8 56
1 10
3 3
9 33
1 22
10 59
8 59
8 59
10 64
9 21
10 87
1 19
4 47
6 31
6 83
4 56
2 29
5 74
8 99
6 78
5 28
5 16
8 14
6 33
1 6
1 37
9 74
5 7
7 100
4 3
5 35
10 2
1 67
1 67
5 9
6 5
3 0
7 89
3 51
1 81
10 86
10 14
2 1
4 9
2 30
2 99
4 73
3 77
3 53
5 35
9 22
3 48
10 84
9 9
4 28
10 49
10 67
6 0
10 49
3 51
9 37
2 47
10 12
10 94
10 70
8 90
4 21
1 19
2 98
8 56
7 50
9 38
9 76
9 30
3 30
9 97
4 30
3 67
7 15
2 49
8 56
9 47
1 45
3 64
1 25
5 73
1 80
8 46
6 52
1 22
1 84
7 16
5 59
10 89
1 24
2 22
10 36
6 82
8 30
7 21
4 20
10 19
1 27
6 84
5 59
9 29
8 48
9 2
8 73
9 76
10 86
4 64
9 90
3 43
1 70
1 79
7 98
9 30
2 63
5 11
9 20
10 49
3 91
8 98
4 34
3 72
9 0
5 93
1 20
10 59
1 69
10 12
8 72
10 46
3 8
4 91
9 7
4 40
5 1
8 3
3 38
10 11
7 71
1 25
6 39
5 87
6 84
3 89
4 54
1 75
9 2
2 74
7 58
6 76
7 36
5 8
6 60
1 79
5 82
6 88
9 43
10 2
6 57
10 22
9 30
1 51
2 64
8 8
5 54
4 16
1 2
2 49
7 34
8 89
1 32
4 68
1 45
1 71
10 81
3 35
10 42
10 35
3 36
8 42
9 96
9 49
3 77
4 73
10 80
2 38
9 20
8 76
2 37
2 84
8 74
7 53
1 5
6 39
2 48
9 34
2 7
8 1
2 29
9 16
6 57
10 82
2 56
7 85
3 27
3 86
4 24
10 85
7 86
6 74
2 49
2 6
1 66
6 84
10 76
3 68
10 21
10 2
5 9
3 51
5 62
10 55
7 1
2 96
5 88
7 88
7 67
9 75
1 40
10 19
6 81
2 82
2 47
6 69
1 73
9 1
7 21
6 66
6 98
10 16
5 94
2 67
6 83
7 61
9 54
6 78
2 28
8 79
9 37
8 58
1 49
3 30
7 98
3 50
8 68
4 9
4 89
9 22
3 27
1 49
2 8
10 48
3 27
4 73
6 37
6 24
7 88
1 92
7 24
5 53
7 0
1 89
9 87
8 48
2 72
3 80
4 66
3 85
1 95
6 20
1 74
8 78
6 16
8 35
7 87
4 58
1 44
2 10
5 77
6 84
7 45
8 7
6 16
3 44
3 92
3 65
9 10
10 21
9 65
10 96
4 67
7 60
8 11
9 33
10 35
2 67
3 68
8 55
10 8
6 23
3 49
1 60
4 16
8 97
7 15
7 9
5 44
1 65
1 35
3 49
2 41
2 39
9 33
9 51
8 43
5 63
3 73
4 51
5 27
8 58
10 24
8 77
5 31
5 96
3 38
5 79
9 54
8 99
9 51
1 4
1 72
9 82
6 54
10 83
7 55
2 64
4 27
7 1
7 53
8 79
2 30
5 35
8 19
7 20
8 94
1 79
10 99
1 55
7 42
9 96
1 20
6 67
6 90
9 64
7 63
4 37
1 84
10 34
7 3
3 90
2 56
10 69
3 90
2 53
3 58
8 3
8 3
10 29
7 37
6 73
6 13
2 87
10 60
4 1
1 46
7 38
9 23
2 4
10 50
1 58
2 82
4 62
2 1
8 13
6 13
5 25
3 42
4 55
1 58
1 55
7 78
8 71
9 35
10 36
5 75
8 37
9 83
3 46
2 60
10 14
6 93
9 15
9 61
3 66
8 52
1 77
8 65
7 19
6 86
10 4
4 55
3 69
6 40
3 46
6 7
2 44
2 6
10 80
5 70
2 23
4 12
2 70
5 67
8 14
6 62
4 25
10 86
1 8
3 43
3 87
9 73
5 1
10 10
1 31
3 2
7 23
7 86
6 67
10 70
8 39
9 85
2 44
10 67
1 5
9 6
6 17
3 67
2 86
7 64
8 92
3 80
5 58
9 1
6 56
8 36
8 74
8 56
1 9
6 46
7 1
3 20
2 41
1 37
7 31
4 56
4 96
4 27
10 50
8 32
10 95
2 47
6 54
4 14
1 99
3 5
4 1
5 56
8 83
6 42
1 3
1 12
9 95
5 41
4 16
2 17
8 46
3 28
8 17
10 2
8 25
8 4
4 76
2 42
6 59
9 7
8 96
6 37
8 72
8 84
1 59
3 41
6 8
3 11
2 45
9 100
9 30
1 98
8 19
1 54
10 6
8 51
3 81
1 54
4 36
1 94
9 26
7 80
2 48
3 2
10 62
5 53
1 29
5 19
3 87
3 21
2 98
5 86
5 69
8 76
4 22
5 75
1 7
1 71
6 36
9 69
4 26
7 46
2 88
6 89
3 63
7 28
5 40
10 64
7 50
4 30
8 54
3 73
5 51
5 6
1 10
10 23
9 69
7 71
8 4
8 95
1 4
1 36
8 51
4 11
3 43
5 6
2 96
9 95
3 7
6 0
3 94
6 30
2 92
5 92
6 60
4 87
8 93
3 44
5 16
9 46
1 43
9 83
1 35
4 17
3 1
4 26
1 6
10 71
3 42
9 63
7 37
5 67
9 53
6 61
3 50
7 81
2 98
2 31
1 37
8 96
5 40
1 72
2 64
6 17
6 14
7 85
10 74
2 12
4 51
7 5
7 55
7 42
4 81
4 43
6 3
1 96
4 80
5 60
9 27
3 4
10 9
1 19
10 54
9 77
6 11
8 55
4 80
3 79
6 99
1 10
5 35
5 98
1 47
5 53
5 63
6 99
4 67
8 97
6 26
10 74
5 73
3 55
6 53
2 84
7 26
2 46
10 1
5 35
5 54
8 46
8 47
6 69
9 47
7 42
1 72
8 32
7 2
10 72
5 19
6 30
9 96
7 100
7 5
2 18
6 89
6 84
10 59
10 75
7 71
7 36
10 58
8 52
10 11
4 18
4 94
1 37
10 82
10 75
8 99
4 23
5 94
6 90
1 37
5 44
9 66
5 51
2 73
6 30
7 52
6 3
4 94
4 72
3 67
5 63
5 86
4 26
3 14
7 48
3 89
4 8
4 46
6 46
7 89
1 74
9 99
5 42
10 0
8 34
2 54
2 51
3 72
5 41
1 39
1 73
4 100
9 84
9 47
9 45
10 90
3 17
3 59
9 76
8 80
7 12
1 90
3 59
8 47
8 98
1 64
3 62
1 51
2 70
3 50
3 18
5 97
10 34
10 82
4 6
5 4
1 8
6 99
10 37
10 17
1 17
8 41
5 37
7 86
4 73
7 8
2 44
9 52
7 71
7 4
2 73
6 21
5 89
7 19
5 92
7 34
5 25
9 61
7 69
6 39
2 88
1 96
10 70
9 86
1 85
6 43
5 36
8 95
10 71
5 22
5 41
3 63
3 12
7 94
7 92
5 34
2 43
2 44
4 76
4 18
7 28
3 72
5 73
3 12
4 37
3 65
10 46
1 30
4 52
2 70
2 15
1 79
1 14
4 4
1 8
4 56
6 86
2 21
5 27
10 32
3 68
7 90
2 4
3 21
5 36
9 94
7 48
8 60
5 86
2 26
4 60
9 50
5 29
9 55
3 90
7 12
2 39
8 29
3 77
5 60
8 65
2 30
6 29
6 81
1 100
3 3
9 68
9 0
4 67
4 49
6 4
10 69
10 70
5 32
7 68
10 14
6 0
6 23
8 47
1 49
10 83
9 75
10 6
9 57
1 46
10 96
3 67
3 43
4 100
7 44
8 3
3 47
3 87
3 80
10 11
4 73
8 33
7 18
8 95
6 56
6 26
8 33
6 88
9 5
6 46
1 6
2 40
8 12
2 49
8 58
10 99
8 26
6 67
10 62
7 27
3 27
5 23
2 89
6 98
6 26
6 11
8 100
1 45
10 30
4 6
5 22
8 55
10 43
7 70
4 48
4 95
1 83
3 37
2 22
1 66
6 68
2 57
9 59
2 98
8 33
2 12
1 35
10 62
3 55
9 72
3 22
3 50
5 67
8 60
9 3
2 11
2 51
7 55
8 73
9 85
9 0
1 36
6 29
2 13
2 89
1 9
9 66
4 77
2 27
4 90
1 65
3 44
7 27
6 24
1 72
10 38
10 33
8 10
5 91
8 31
9 53
10 85
10 79
6 42
7 13
8 59
9 75
10 94
9 51
10 8
4 26
7 82
8 89
2 13
3 30
3 24
7 13
3 32
8 26
2 71
4 36
4 92
10 8
2 26
2 90
4 2
8 15
3 70
2 19
10 51
7 56
2 13
6 54
9 48
1 38
9 30
6 82
3 11
3 77
5 11
7 43
1 89
2 6
7 96
3 64
2 70
3 35
10 74
1 41
6 0
8 98
10 80
9 4
10 88
8 76
4 70
4 1
3 1
10 1
1 13
8 56
4 100
6 86
4 78
2 33
10 50
6 69
8 46
4 35
3 20
1 83
6 19
9 80
2 87
6 66
6 62
8 100
3 98
10 53
10 99
4 7
9 30
7 74
8 80
9 47
1 54
10 83
8 79
5 14
1 89
7 48
5 83
9 21
5 97
4 0
6 76
4 4
5 72
10 16
5 36
3 28
10 36
3 10
7 13
9 26
9 87
3 29
2 7
10 62
5 25
6 27
1 44
8 66
4 64
8 85
5 57
1 32
1 31
6 27
3 88
7 36
6 13
1 15
5 61
10 96
3 70
2 36
8 80
5 73
1 73
9 57
10 89
1 5
6 59
4 86
7 19
10 46
2 59
7 17
1 80
6 78
3 76
4 61
9 40
6 8
2 60
5 95
4 98
2 73
2 33
4 86
2 59
5 100
4 57
5 23
3 26
10 2
8 21
10 27
2 52
1 24
10 98
2 3
2 67
6 79
3 79
7 34
3 41
5 56
2 99
9 37
3 39
8 83
6 37
5 40
8 68
8 35
10 16
6 46
6 37
5 84
2 3
5 63
4 2
1 17
7 74
10 7
5 76
4 1
8 47
7 0
6 100
10 19
7 80
2 29
10 80
1 10
9 29
6 70
7 88
1 3
2 72
8 0
5 86
5 44
6 70
4 10
7 34
9 17
9 66
7 13
8 45
3 91
5 29
5 12
2 49
4 42
10 84
2 36
4 36
3 72
1 31
3 95
4 60
3 22
9 82
9 65
2 15
7 53
7 56
9 94
6 28
2 72
9 83
6 18
8 6
8 18
5 28
3 22
8 67
3 87
7 50
6 75
7 8
3 22
10 76
4 15
10 19
7 52
7 99
7 64
7 68
3 17
6 42
6 63
10 75
5 91
8 43
10 98
8 97
5 83
4 64
4 3
9 17
4 77
10 54
9 97
2 19
2 68
1 14
2 78
1 74
3 12
10 65
10 23
8 69
2 58
1 78
5 81
4 9
5 23
4 42
9 25
3 15
3 46
2 86
1 67
3 73
4 32
7 92
9 28
10 1
5 16
10 53
5 31
4 54
8 6
6 4
4 73
2 33
7 9
4 77
2 91
9 42
8 34
10 25
8 81
5 62
3 42
7 82
9 41
1 15
9 59
1 89
10 90
4 54
1 84
5 81
6 3
4 69
3 45
10 5
8 46
5 37
4 76
6 17
8 23
3 23
3 85
7 9
3 12
10 39
5 81
10 84
6 52
9 28
3 33
2 66
10 97
4 40
7 50
8 35
6 71
8 74
8 42
7 29
9 30
1 40
6 81
8 45
9 54
6 25
8 69
6 11
2 20
6 86
8 87
1 7
8 69
5 67
9 83
8 32
8 0
2 91
9 100
10 72
3 77
8 61
2 46
8 22
1 62
1 24
10 70
1 38
6 48
8 37
5 28
1 66
7 44
2 93
7 31
8 13
2 24
9 53
9 9
8 94
3 21
10 53
5 40
4 51
2 15
2 69
9 67
8 72
10 51
5 40
6 82
10 8
4 9
3 7
9 98
9 88
10 1
10 51
1 91
7 33
9 48
1 67
6 50
4 66
9 9
1 6
4 58
1 49
9 11
2 53
4 64
7 89
1 86
10 10
8 86
6 10
9 42
9 5
5 77
7 0
5 17
10 75
5 59
5 5
2 63
6 76
9 3
4 11
4 72
6 11
4 87
9 43
7 77
3 15
6 42
5 22
6 52
9 71
8 20
7 58
5 58
1 55
4 78
3 21
1 75
7 78
7 82
7 41
8 79
6 96
3 20
1 89
3 23
6 39
3 54
4 63
1 51
7 2
9 3
7 79
10 85
6 56
3 41
6 76
1 0
8 3
6 65
6 75
9 5
1 77
4 48
10 27
8 8
9 64
5 57
5 89
4 52
3 99
5 68
1 98
2 86
8 41
2 39
3 89
8 39
10 59
9 53
9 39
8 1
7 46
1 26
6 94
8 37
8 7
4 66
8 34
1 19
4 80
9 78
2 70
5 91
2 97
8 68
1 57
9 75
1 18
9 100
7 62
5 23
10 64
7 29
3 54
2 3
3 70
1 85
4 39
4 30
6 87
7 3
10 11
8 37
4 76
10 75
4 18
6 0
10 38
7 21
10 65
5 95
10 57
10 70
10 2
2 25
1 10
10 69
4 0
1 51
1 86
9 19
2 11
3 93
7 43
6 43
2 21
2 9
3 100
1 48
9 78
2 63
10 25
6 47
2 69
5 93
2 75
2 1
7 97
1 16
9 2
3 15
6 28
9 94
8 16
7 31
6 73
7 99
5 70
4 56
10 6
1 4
6 77
10 45
8 86
7 28
8 56
9 55
5 78
9 52
7 61
2 17
8 71
7 24
1 69
10 26
4 8
3 35
9 30
4 67
7 7
5 72
1 18
2 68
3 93
7 39
8 100
4 28
6 40
10 67
5 25
10 48
6 43
2 73
9 6
3 81
2 82
2 76
4 82
2 37
6 91
4 23
4 60
1 84
6 1
10 49
7 57
7 85
8 45
8 50
8 87
1 84
2 59
1 14
8 32
7 39
6 73
3 66
10 81
9 94
2 51
1 52
4 4
9 80
5 71
2 23
1 12
3 17
10 37
8 16
6 38
6 72
3 74
3 67
6 0
10 42
5 97
3 36
1 28
10 97
5 50
3 36
1 10
10 0
2 60
6 2
9 86
1 71
8 4
4 68
6 74
2 49
2 41
8 22
8 45
6 15
6 17
9 41
1 75
7 68
10 10
2 64
8 60
9 63
6 7
3 64
8 40
8 25
3 63
5 63
4 55
6 30
6 56
4 66
3 75
6 65
4 68
6 63
7 41
6 0
9 28
1 5
7 50
10 21
2 16
9 92
7 83
7 43
7 35
7 20
10 28
9 24
2 24
10 0
6 25
9 6
7 21
4 93
3 91
9 52
6 86
5 53
7 5
3 74
7 50
5 97
7 31
3 79
9 98
3 75
10 33
6 17
3 84
3 67
6 97
9 53
8 23
7 51
2 53
2 14
7 97
2 78
6 76
5 48
1 79
7 72
2 64
5 23
8 34
6 66
8 45
9 64
4 16
3 72
9 48
3 47
1 26
3 80
8 48
9 70
7 76
3 13
1 91
2 100
1 46
8 13
3 15
5 49
8 29
8 27
9 95
9 95
1 82
3 28
4 100
2 29
6 69
7 85
7 76
5 42
7 83
8 42
8 76
10 72
3 71
10 61
4 89
6 82
7 67
10 38
2 90
10 60
8 20
8 81
8 57
10 47
1 71
2 2
2 61
7 29
4 87
6 100
7 94
8 61
1 66
5 93
10 11
3 89
8 58
4 21
1 94
8 21
4 61
8 68
4 19
6 10
5 55
9 52
9 77
5 39
6 68
7 60
6 27
6 21
7 29
3 89
2 73
5 48
4 34
4 15
4 51
2 70
9 89
1 29
7 97
7 97
4 95
2 71
9 76
2 55
8 16
9 49
4 55
7 79
2 39
4 34
1 1
5 94
4 61
4 67
9 94
10 23
7 39
5 9
6 69
5 17
7 17
5 50
8 3
6 43
4 17
6 19
1 28
3 93
3 81
3 84
5 57
7 77
4 15
7 23
9 59
1 25
6 12
2 55
5 42
1 60
10 66
1 71
6 27
9 69
7 42
1 99
6 58
4 100
8 39
10 42
1 89
1 46
2 48
9 23
5 70
7 99
2 34
3 60
9 0
9 70
7 20
1 11
2 29
4 32
7 27
4 62
9 5
1 22
2 3
7 10
10 90
3 71
9 64
10 88
2 70
9 88
2 85
3 66
3 56
9 99
8 18
7 1
5 78
2 12
3 13
4 79
9 1
2 82
2 98
9 12
1 92
4 53
6 34
1 39
3 41
8 69
1 23
4 59
3 14
7 16
8 1
3 3
7 29
5 78
8 88
6 29
7 81
8 6
9 97
3 19
7 35
10 61
3 28
3 0
5 93
4 44
3 29
10 0
5 47
5 84
7 95
1 96
2 8
8 4
8 99
8 40
10 72
6 39
10 31
8 42
7 21
3 5
9 90
3 49
1 47
1 53
7 86
1 35
6 79
2 98
7 17
4 71
4 29
6 0
10 27
10 30
6 93
3 74
1 38
4 3
2 52
7 22
2 96
4 17
4 6
1 19
6 64
6 0
9 95
1 29
3 95
2 93
4 63
7 56
5 64
1 64
3 71
1 18
8 98
4 77
5 51
2 83
6 3
6 36
2 64
2 79
4 92
1 50
10 33
3 43
2 52
7 62
2 83
1 38
1 95
3 14
6 15
9 70
1 49
1 57
4 47
9 60
7 25
1 71
2 47
10 74
8 13
4 1
6 47
5 60
9 69
7 77
8 58
10 29
3 70
7 24
9 95
4 86
4 84
1 3
5 15
6 38
10 50
5 100
7 3
8 53
1 100
2 60
7 30
8 77
8 12
10 5
1 33
7 23
2 3
4 63
9 92
10 58
7 17
3 27
4 27
5 59
1 70
6 15
7 28
1 68
2 54
6 67
6 88
3 90
4 21
7 47
3 53
4 58
2 48
1 89
3 19
3 63
10 22
1 82
5 54
6 47
2 0
1 17
9 67
3 10
4 93
1 86
6 90
6 58
10 18
2 30
9 41
10 41
10 44
1 47
5 45
10 84
6 13
7 40
3 70
7 11
3 37
10 77
4 9
2 75
8 66
3 100
4 82
6 33
7 67
3 1
8 33
4 42
5 24
4 80
9 86
8 24
2 48
9 72
4 30
7 15
2 34
2 83
3 52
1 85
9 88
4 84
5 8
9 56
3 80
1 26
8 35
5 52
4 29
4 18
8 55
7 13
5 82
9 56
4 99
4 34
9 39
1 61
2 3
1 39
10 60
9 94
9 91
10 1
4 34
9 80
10 91
10 38
7 28
2 85
7 80
8 3
2 85
1 52
5 12
2 65
9 41
3 63
6 22
9 8
7 52
5 92
2 68
5 5
3 6
4 71
2 1
8 41
3 84
8 13
5 26
4 87
1 84
9 20
7 36
2 17
7 1
5 62
7 32
7 55
7 32
1 6
7 61
2 91
9 78
10 55
10 66
9 23
5 88
4 81
1 84
6 13
3 9
2 12
1 38
5 79
3 85
9 8
10 44
9 71
10 81
4 98
4 65
10 55
10 58
2 7
7 90
4 78
1 0
8 56
1 58
2 94
5 90
3 83
1 42
4 59
5 59
5 53
8 44
2 36
1 4
1 70
7 36
4 79
6 19
4 66
1 80
3 4
5 96
4 59
6 63
10 23
10 8
2 14
2 8
9 6
7 75
6 56
8 56
6 70
7 56
4 61
1 5
7 76
3 73
9 84
9 66
5 97
8 20
9 18
10 4
6 97
2 25
7 42
8 54
10 18
2 19
3 59
3 62
2 76
1 98
8 36
2 42
9 70
9 12
8 40
1 3
7 40
4 23
1 70
8 93
6 43
7 11
4 94
10 78
3 48
8 58
10 1
8 29
4 61
10 76
3 8
5 18
1 28
10 60
2 21
2 89
8 24
4 75
8 33
9 82
1 12
2 47
7 24
7 88
5 18
3 85
6 93
6 95
8 60
6 39
8 44
8 57
9 80
1 31
4 33
1 92
6 22
9 88
3 96
5 40
8 17
8 59
6 91
2 92
9 99
2 77
4 44
8 32
8 44
5 39
10 39
7 55
2 38
7 99
5 45
4 92
8 44
5 14
10 17
7 54
10 18
4 60
1 100
2 89
8 59
6 15
1 45
7 61
6 97
7 3
3 14
6 88
5 46
1 5
7 71
9 56
3 58
9 47
8 38
2 75
8 44
2 2
1 0
4 8
4 35
8 96
4 78
6 98
10 83
6 36
1 99
5 81
1 27
7 92
8 86
5 66
9 60
10 0
7 12
10 90
10 83
9 48
1 2
9 52
3 28
8 87
1 73
9 25
6 39
3 71
5 46
6 12
1 72
6 58
4 26
6 52
7 71
3 73
4 53
5 38
4 94
6 26
5 89
9 78
10 15
2 97
2 14
3 36
10 12
1 50
3 15
10 42
1 84
10 32
2 48
5 5
8 39
1 62
3 90
6 41
9 94
2 65
9 46
7 49
7 73
5 10
2 47
3 38
1 35
7 76
4 24
9 79
3 55
8 45
8 14
8 14
9 60
5 85
2 85
9 62
3 5
6 96
2 20
1 2
10 70
5 88
4 14
10 44
10 3
1 94
9 54
2 9
7 33
2 3
9 72
9 80
5 12
7 34
7 32
5 86
3 24
3 18
2 64
2 100
8 14
4 18
5 84
5 48
7 44
5 57
8 7
6 56
2 42
5 21
5 36
6 59
1 87
2 31
1 77
10 11
10 72
6 47
3 50
1 85
5 100
2 11
6 72
8 33
2 100
3 17
2 84
3 100
7 24
10 36
6 44
5 58
1 83
9 93
1 88
9 56
8 31
5 49
9 45
9 37
5 7
6 33
1 85
3 40
8 27
9 21
5 63
4 42
10 75
4 92
6 95
3 79
7 11
4 40
9 11
3 65
8 35
5 27
10 88
3 44
6 49
7 77
3 86
9 95
1 94
5 100
7 16
10 50
10 46
5 0
3 63
9 62
1 60
9 88
6 11
7 96
4 36
4 6
2 43
3 96
10 78
10 41
7 16
4 24
9 48
9 56
9 51
6 61
6 24
6 24
7 9
1 34
6 63
8 47
1 85
5 18
2 69
10 94
6 45
2 21
1 65
7 94
6 10
7 56
3 8
9 54
2 56
2 48
1 39
4 1
3 8
7 69
10 3
5 46
4 15
2 40
1 28
6 66
2 63
8 9
1 94
3 93
1 50
7 1
10 69
9 28
7 36
2 89
10 82
1 0
2 9
2 15
4 75
6 92
3 97
3 77
9 57
7 37
4 77
9 61
1 36
2 73
1 38
9 35
3 97
2 11
6 1
2 64
3 100
6 30
1 91
2 57
3 13
6 56
8 78
10 89
2 26
6 96
10 84
6 47
7 37
6 1
6 45
5 19
9 7
1 26
6 49
10 86
2 30
8 90
1 30
5 41
4 59
4 26
1 5
3 16
1 46
4 11
3 93
7 22
10 1
4 27
3 71
3 39
7 7
2 46
1 50
2 63
6 5
10 69
3 16
1 39
7 41
3 79
4 40
8 63
7 44
5 52
2 79
8 74
7 17
9 16
3 100
7 31
10 8
5 21
8 77
5 65
9 88
9 94
6 76
7 86
8 64
1 91
1 50
1 37
9 77
8 74
2 74
1 95
8 62
6 85
3 44
3 95
2 79
6 23
2 41
5 0
4 51
10 97
6 64
5 97
7 59
2 46
3 70
10 61
6 63
2 59
6 83
6 0
9 89
2 38
2 53
8 46
3 26
10 7
7 63
10 42
8 19
10 80
6 44
8 30
10 75
8 63
2 17
3 57
7 49
1 48
2 72
2 21
5 86
8 94
1 68
6 72
9 5
9 91
5 11
3 39
8 33
10 44
7 7
4 77
2 26
7 71
1 13
10 7
6 60
8 98
2 23
4 74
5 92
3 12
3 74
7 64
2 16
10 55
8 25
2 70
7 70
1 49
7 14
4 8
3 47
4 71
7 7
5 37
2 93
8 3
9 100
10 13
7 67
5 100
5 52
9 2
7 32
9 57
8 9
5 63
3 71
2 35
8 27
6 51
5 60
10 53
1 13
8 84
3 11
10 43
10 57
8 5
7 35
7 94
2 41
3 74
7 6
9 38
3 81
6 89
6 78
2 51
5 0
3 33
7 100
7 7
1 88
1 72
7 67
4 51
10 1
10 14
3 72
3 6
2 83
8 7
3 60
7 84
8 71
3 65
10 71
4 79
1 35
9 47
6 11
5 75
5 57
5 46
5 67
1 84
6 40
3 46
9 88
4 96
8 13
7 84
7 56
9 72
7 17
8 6
9 46
7 69
1 26
3 77
6 96
7 6
9 79
10 83
5 11
5 78
3 22
3 81
9 69
3 19
6 33
7 16
7 8
4 90
3 0
7 7
7 96
6 72
4 29
5 6
8 84
2 74
10 76
3 50
1 99
5 22
6 55
8 37
4 26
1 53
9 61
5 77
10 85
2 26
3 63
2 53
4 46
8 54
5 52
9 45
9 87
10 91
9 16
2 6
4 27
10 34
10 47
4 70
3 31
9 13
2 56
4 67
8 42
8 42
7 65
10 16
2 76
3 3
1 59
8 11
4 43
7 96
7 45
7 58
9 27
10 73
2 69
10 34
6 76
3 11
3 5
10 64
10 53
1 17
3 31
6 58
6 10
6 15
9 100
9 28
5 80
7 59
8 36
7 38
5 6
5 29
5 54
1 43
9 17
4 85
3 63
2 55
7 46
5 64
4 25
8 60
9 4
10 2
10 45
1 87
8 78
9 84
4 76
9 38
9 43
3 3
1 66
10 62
1 35
1 56
9 31
8 68
4 64
5 75
5 26
8 17
7 66
6 69
3 17
1 79
4 60
1 63
5 11
7 93
9 26
5 17
7 43
10 67
6 77
3 99
10 93
1 24
3 44
5 23
9 79
8 51
2 51
4 37
8 84
9 79
3 10
2 40
6 0
3 56
3 6
5 89
10 73
2 52
6 37
6 50
9 78
1 13
2 21
4 17
7 33
4 24
4 2
2 70
10 3
2 84
7 18
6 44
6 63
3 39
2 72
4 29
8 85
5 70
3 3
4 82
2 17
5 77
8 17
4 36
4 63
7 59
2 16
3 88
3 85
7 33
4 60
3 21
9 24
8 1
3 48
3 15
4 16
10 9
8 35
9 77
2 34
5 10
2 52
7 79
4 22
9 57
9 83
4 50
7 9
1 84
8 30
3 7
5 9
3 97
7 29
3 33
10 85
7 36
3 45
10 14
9 68
9 25
8 5
8 87
2 98
1 78
4 14
5 82
4 59
2 89
1 41
3 0
10 13
4 94
2 76
10 81
2 94
5 76
1 22
10 44
6 26
3 14
1 58
4 76
1 59
9 91
4 95
4 13
7 29
4 95
9 39
2 72
4 87
6 74
5 35
1 41
6 54
7 82
1 22
6 4
7 41
3 13
1 24
10 45
10 95
8 40
5 63
10 83
6 98
5 2
2 99
5 40
1 9
1 43
3 79
5 94
7 32
5 51
6 85
1 82
3 47
4 79
4 78
1 7
5 40
10 25
3 11
7 34
9 93
1 12
1 37
4 56
5 29
2 93
1 73
4 11
10 46
3 87
2 1
10 17
6 55
1 84
6 26
6 92
3 97
7 62
2 19
10 84
10 1
2 15
9 73
3 9
4 3
10 24
5 30
5 15
1 21
1 83
9 90
1 25
6 33
4 18
9 44
10 0
6 37
4 100
4 77
7 39
6 49
8 7
3 18
5 15
10 77
2 49
4 54
7 1
4 41
6 46
1 4
6 48
4 3
10 68
2 5
2 67
9 99
1 80
3 54
5 92
5 25
6 40
3 38
10 56
1 84
8 86
1 89
7 93
10 54
5 89
9 33
1 56
2 56
1 84
5 71
9 35
10 53
4 42
5 70
8 83
2 23
2 18
5 96
10 36
10 92
4 87
2 69
6 72
2 7
5 94
6 36
6 19
3 15
4 62
8 57
1 57
5 83
3 55
8 96
2 8
4 33
1 65
5 13
1 36
3 62
6 85
8 52
4 58
9 45
4 7
7 16
4 78
6 41
7 24
5 97
5 59
2 55
2 11
6 46
8 100
2 71
2 21
3 46
2 92
7 51
7 28
4 31
1 70
6 17
7 61
8 16
7 2
7 57
4 78
8 73
8 29
3 85
2 75
3 6
1 16
5 24
9 7
1 93
9 80
9 96
7 89
1 72
5 15
7 91
3 93
6 90
7 50
10 9
7 40
1 16
1 3
4 7
5 12
10 87
3 42
3 34
4 48
9 36
4 1
2 36
8 100
3 21
3 90
1 8
2 49
7 91
9 5
6 3
6 4
9 35
8 82
5 90
5 47
10 25
7 10
2 25
1 19
5 84
2 20
7 65
8 67
4 91
1 18
6 81
8 46
2 6
7 18
3 69
1 28
10 31
6 91
6 1
7 85
5 92
8 45
1 62
9 35
2 92
10 41
1 15
5 14
4 85
7 34
1 6
3 81
9 91
7 30
4 93
3 67
9 90
2 76
5 68
5 66
3 1
3 83
1 40
7 83
1 64
1 1
5 0
2 27
4 83
1 92
10 9
6 27
2 10
6 69
7 40
3 35
5 52
5 69
2 16
7 53
8 54
7 3
1 11
9 36
9 73
8 7
1 48
6 81
10 3
9 35
10 60
10 35
1 100
4 41
10 11
4 31
7 85
9 55
10 1
4 69
8 54
4 82
6 97
3 54
7 84
8 76
7 14
1 50
1 60
9 18
7 89
4 72
1 12
7 51
10 100
8 49
10 92
3 15
1 52
7 14
9 9
8 22
6 83
1 86
6 30
9 14
7 34
4 49
10 58
3 66
4 75
9 29
6 22
9 70
1 51
6 69
4 41
3 82
9 50
2 95
8 42
9 17
2 41
7 57
7 31
4 83
5 76
9 3
7 22
4 14
3 7
3 98
10 1
3 64
3 25
8 1
4 26
4 60
9 23
6 99
1 60
10 73
6 83
9 23
10 47
3 8
9 81
2 79
10 12
6 8
4 30
10 29
10 81
8 56
3 83
3 10
8 37
1 57
4 76
10 8
7 2
3 24
8 20
9 73
5 80
6 84
10 31
5 8
8 41
7 53
7 94
9 90
3 57
5 91
4 64
7 27
1 49
8 56
1 22
10 84
6 6
8 56
7 85
9 55
9 85
2 31
10 48
2 40
1 42
10 57
9 88
2 94
3 60
6 89
8 50
8 65
5 53
10 50
6 52
9 100
4 6
6 48
4 98
2 42
7 35
6 92
2 94
6 73
6 79
8 31
9 99
9 62
1 24
2 38
10 75
6 41
1 10
5 100
3 35
1 65
10 79
6 52
9 52
5 19
1 24
5 56
8 51
6 35
7 83
5 20
3 37
6 70
6 71
1 90
4 80
5 40
6 24
10 72
3 79
7 46
7 65
8 22
3 26
8 88
6 64
4 40
5 24
3 38
4 40
3 95
10 39
7 72
2 61
3 39
6 68
3 44
1 0
7 37
2 45
4 9
4 54
5 59
5 75
8 37
4 3
9 55
2 10
8 46
10 32
5 22
5 82
10 19
2 61
2 96
2 7
2 57
5 41
5 59
3 95
10 19
8 89
1 60
4 18
2 93
9 88
5 34
8 48
8 81
2 47
10 22
8 20
5 46
1 97
6 48
6 55
4 16
2 97
2 89
6 12
3 25
7 56
9 77
5 58
10 70
3 85
7 82
1 35
4 67
10 65
2 99
5 43
2 3
10 67
2 72
4 76
8 4
5 33
2 41
3 74
2 76
9 1
3 8
9 0
9 16
8 97
5 43
2 76
1 91
10 99
5 5
4 58
4 3
7 35
6 17
1 90
9 25
6 45
5 72
6 53
4 46
5 46
9 21
3 45
1 66
3 18
2 84
9 70
7 72
10 71
7 86
2 15
10 22
9 63
9 61
3 60
4 87
7 3
9 37
9 94
6 93
1 77
7 96
10 20
7 82
1 84
1 16
8 78
4 11
10 57
7 95
1 13
1 33
4 60
3 15
3 11
4 82
2 4
8 12
8 13
9 85
4 9
1 64
6 67
5 33
8 22
5 19
3 38
4 31
2 27
9 73
6 23
3 8
7 64
3 46
2 80
6 49
6 26
5 54
6 36
6 38
10 21
4 3
2 12
8 56
8 13
10 46
9 15
4 95
3 76
2 84
1 17
3 34
7 62
4 58
1 75
10 17
9 70
9 55
8 85
4 65
6 97
4 92
7 22
5 23
8 94
2 43
6 24
3 64
4 95
3 28
4 85
7 81
9 35
7 83
5 92
9 20
8 11
9 68
9 80
6 30
9 81
8 27
5 57
1 88
8 62
5 9
5 66
4 34
4 26
2 37
6 67
7 90
3 95
2 45
10 63
2 98
8 78
4 26
9 36
9 32
10 52
5 39
3 18
8 58
6 25
3 72
1 46
8 89
9 44
3 82
1 100
6 50
5 34
2 3
3 11
4 28
5 5
1 82
5 82
2 29
6 44
9 19
4 52
5 100
2 1
9 19
10 60
5 57
9 82
8 0
1 63
2 84
9 85
8 10
5 84
2 17
3 68
7 67
1 4
2 96
3 93
6 19
3 84
10 87
3 56
9 67
2 1
3 9
1 10
4 93
8 20
6 56
7 59
6 46
9 22
5 95
5 60
6 31
6 47
6 81
9 92
7 75
8 2
5 51
6 1
7 78
8 11
3 2
4 52
7 14
1 71
2 80
10 78
5 58
5 43
1 78
3 75
5 74
10 26
10 75
1 37
2 17
1 78
2 75
8 15
3 31
8 88
1 97
10 0
3 9
7 72
3 25
2 70
6 93
5 83
2 98
3 8
1 79
3 46
6 27
4 63
10 39
3 65
7 49
1 19
6 92
10 75
5 11
1 27
8 84
7 5
2 63
1 12
5 4
7 67
3 95
9 38
4 16
3 90
4 54
2 40
9 29
8 50
9 10
10 43
3 15
3 62
7 13
10 13
6 35
9 32
8 96
9 42
2 10
8 40
2 31
7 34
10 49
10 23
8 33
7 22
3 57
5 84
1 8
5 23
2 2
9 100
6 28
10 76
2 42
5 43
1 100
1 93
2 69
5 15
1 1
8 80
10 59
3 33
2 26
4 10
5 70
3 44
6 20
8 39
5 21
4 3
7 41
5 48
7 3
1 9
7 6
3 20
3 31
7 49
5 29
1 41
5 31
2 63
8 65
8 45
8 54
3 58
6 40
8 43
9 10
10 31
1 7
2 38
5 11
1 2
7 65
6 49
7 43
7 77
1 33
8 5
9 2
3 94
1 80
9 99
6 4
4 83
6 32
8 100
9 11
8 17
3 59
9 85
9 42
7 0
7 12
4 9
6 16
9 28
1 38
10 100
4 33
2 39
5 8
3 64
8 78
2 50
4 95
1 57
2 69
3 26
4 87
4 78
7 69
1 95
5 88
4 83
3 95
7 88
4 55
3 53
1 71
1 34
8 34
5 86
3 88
9 22
1 7
1 79
8 31
2 99
2 65
7 53
2 46
6 7
6 88
6 34
7 82
6 75
5 4
8 68
9 44
3 36
8 31
8 48
1 41
2 87
2 71
7 36
5 67
4 65
4 23
7 58
6 89
7 100
2 93
5 90
7 25
8 94
9 7
2 45
3 77
5 56
7 76
1 65
2 87
2 43
9 20
7 87
2 55
7 8
4 52
10 6
3 44
5 3
8 3
7 56
10 47
10 65
8 83
9 0
10 89
10 17
10 35
5 47
2 47
4 59
4 90
2 72
5 26
10 32
2 76
5 57
8 17
3 71
7 18
6 91
3 88
10 54
10 15
2 60
3 91
9 69
8 20
9 79
4 19
2 80
3 93
2 47
6 18
10 78
8 75
6 21
4 3
5 50
1 86
4 60
8 75
9 68
9 23
8 89
5 37
4 34
8 5
1 33
1 68
9 19
10 78
7 25
10 95
2 5
3 11
10 3
7 97
9 89
5 23
3 41
9 83
6 36
8 38
7 67
8 48
2 96
10 7
10 51
5 17
3 20
2 65
3 18
6 35
3 11
9 48
9 99
8 22
4 32
4 91
1 59
4 44
7 74
5 69
7 11
4 79
4 100
9 16
4 65
6 87
4 84
1 8
6 76
5 58
8 27
6 46
9 64
10 62
1 23
2 59
10 22
8 34
1 53
10 13
6 97
5 23
10 4
1 16
7 60
10 56
3 84
3 53
5 54
1 22
5 66
7 12
4 47
1 2
1 97
1 27
4 46
8 70
1 99
2 43
2 27
8 50
10 49
2 34
4 30
9 15
5 96
4 100
6 40
9 47
6 92
4 85
9 10
9 6
2 24
10 73
10 57
1 38
1 67
2 5
4 32
10 67
1 47
7 87
2 13
2 96
7 88
8 86
3 68
9 12
1 91
7 55
9 21
3 40
10 79
1 49
7 53
3 39
6 8
6 58
3 15
4 79
3 69
10 73
3 4
1 69
3 60
2 15
6 55
2 11
5 98
7 84
9 15
1 77
9 61
10 76
2 96
10 50
4 78
9 50
1 28
5 81
7 14
1 7
2 29
9 56
2 6
9 95
4 50
8 50
3 70
1 71
5 62
1 59
1 6
4 82
4 87
3 79
2 77
2 39
2 16
7 63
3 38
5 44
9 24
1 49
5 70
3 45
8 7
1 19
9 43
10 4
1 53
3 10
2 93
8 75
9 19
10 68
1 55
8 81
2 10
3 32
1 25
4 12
3 77
7 72
8 8
1 86
3 3
5 88
1 21
2 24
1 48
5 54
8 67
9 33
6 39
10 52
1 9
6 0
1 31
5 52
7 82
6 35
4 31
5 71
6 65
7 77
9 23
7 54
1 47
7 70
9 63
7 23
7 69
2 82
2 25
4 56
6 11
9 36
2 11
1 85
10 23
4 5
2 49
5 59
2 27
3 19
8 80
5 80
3 63
6 32
4 28
4 41
2 78
10 58
1 73
3 6
2 16
10 27
7 59
2 6
7 10
6 34
2 62
9 21
1 54
5 59
8 94
5 28
1 99
10 48
6 64
3 1
3 41
8 41
8 12
1 35
5 58
8 53
3 48
2 91
2 83
1 80
10 32
3 39
7 63
2 8
4 46
2 21
4 80
1 8
8 16
5 54
5 70
3 56
8 90
1 52
4 1
1 47
4 46
3 10
6 45
4 50
3 88
10 55
5 8
3 76
6 67
10 45
10 30
8 85
6 31
8 82
1 73
6 41
2 74
5 45
7 12
8 44
1 29
5 66
3 100
8 28
5 90
8 68
3 83
9 42
5 57
8 5
1 69
5 66
7 96
1 64
7 34
5 97
10 65
5 20
10 69
5 26
8 61
4 27
10 67
5 74
7 14
4 10
4 9
7 72
1 14
9 55
9 62
6 9
7 15
8 69
3 4
5 21
6 44
1 19
8 72
6 67
5 10
1 33
1 68
6 61
4 71
7 98
1 59
9 75
10 60
8 25
7 9
8 31
2 39
3 39
8 56
9 85
7 0
5 49
6 77
3 21
8 30
9 97
4 87
9 43
3 59
8 85
2 41
10 96
3 9
1 12
7 46
5 71
5 53
8 88
10 67
5 60
10 39
2 84
7 99
8 12
6 55
2 44
4 48
7 13
3 3
7 86
7 30
2 42
1 23
4 30
3 93
2 34
10 66
7 39
4 4
9 74
2 33
9 63
10 74
3 18
2 6
5 94
7 87
1 94
4 94
2 30
1 79
3 40
5 60
7 71
1 39
3 71
10 81
6 65
3 30
4 63
9 74
7 71
2 53
3 12
7 27
7 68
5 23
2 58
5 68
2 86
9 86
2 84
4 93
1 36
8 83
10 7
6 43
3 55
1 7
8 7
1 63
5 14
10 15
3 61
1 96
6 36
8 38
7 53
1 35
5 10
6 82
8 84
9 71
2 0
7 67
5 8
6 69
6 15
6 7
3 14
4 41
6 11
7 59
1 42
9 96
7 8
7 9
3 67
3 55
6 54
1 10
10 95
7 61
7 29
8 73
8 72
2 33
7 2
10 60
6 24
7 7
4 35
6 82
4 8
7 23
2 4
4 49
6 32
1 86
4 29
2 93
2 20
4 48
6 70
5 71
7 93
6 13
5 95
8 6
1 73
1 16
10 8
10 13
7 83
5 4
1 22
4 80
7 92
1 54
9 60
7 75
6 31
7 88
10 72
6 93
1 34
6 6
6 22
10 82
5 68
7 86
4 1
2 59
4 44
8 69
6 11
4 11
3 23
2 16
2 62
5 11
8 10
3 17
4 75
6 40
2 8
4 14
5 89
7 29
4 79
2 83
6 92
2 79
3 18
8 10
4 15
10 100
7 50
2 5
2 91
2 25
3 39
5 72
6 82
6 72
5 94
3 11
3 69
1 2
4 30
6 40
1 57
10 100
9 34
4 0
5 99
10 64
