50
4 6 4
1 4 2 1
100 10 1
1
5 5 10
2 4 2 3 4 2 1 2 1 3
1 1 1
1
100 2 2
1 2
1000 100 10
4 3 9 1 2 5 6 9 1 10
1 10 10
4 3 4 1 2 5 6 9 1 10
1 10 9
1 1 1 1 1 1 1 1 1
1000 10 9
1 1 1 1 1 1 1 1 1
934 9 10
8 8 8 8 8 8 8 8 8 8
734 3 10
1 2 3 3 2 1 1 2 3 1
345 19 10
10 10 10 10 10 10 10 10 10 10
765 10 10
10 1 10 1 10 1 10 1 10 1
1000 100 10
10 10 10 10 10 10 10 10 10 10
734 20 10
1 2 3 4 5 6 7 8 9 10
631 16 10
10 9 8 7 6 5 4 3 2 1
4 5 5
1 4 1 3 2
3 8 6
7 2 7 8 5 6
2 9 9
5 8 9 8 8 3 9 4 8
4 13 7
1 6 3 4 1 6 10
656 5 10
5 3 1 2 5 5 5 1 1 1
824 14 10
7 10 10 1 10 8 1 7 10 6
801 8 9
1 5 5 7 6 5 7 5 4
612 5 10
5 1 1 4 5 3 3 1 2 3
7 20 10
9 10 5 2 5 3 10 10 9 9
8 26 9
6 10 1 8 8 5 9 10 6
9 21 9
1 3 2 3 5 1 3 7 5
6 20 10
6 2 8 4 3 7 2 10 6 2
56 12 9
9 7 6 6 5 5 8 5 6
180 24 9
9 7 9 5 8 8 8 6 6
201 18 9
8 7 9 6 9 9 7 5 8
335 26 10
5 9 5 8 6 5 6 8 7 8
35 52 8
8 9 9 7 9 8 7 9
223 38 10
9 8 5 7 8 9 7 9 5 8
609 79 8
8 9 7 6 9 7 7 5
138 37 10
7 7 6 8 7 6 8 6 9 9
743 98 10
6 9 5 9 5 9 9 8 5 8
20 1 7
1 1 1 1 1 1 1
810 84 8
5 7 9 5 8 8 5 8
532 7 8
5 6 5 6 5 5 7 7
498 35 8
9 9 6 7 6 7 6 7
898 45 9
6 6 9 6 6 7 7 7 7
235 41 7
5 5 5 7 7 7 8
958 20 7
6 8 6 5 7 8 7
252 15 8
7 8 7 5 7 9 9 9
252 65 9
8 7 9 7 9 8 5 8 9
131 45 5
6 9 7 6 8
181 61 9
9 5 6 9 7 7 8 6 8
363 61 9
9 6 6 5 7 7 9 6 9
661 39 5
7 5 8 5 5
