100
6 6 2 3
1 7 5
100 1 5 3
1 50 7
0 1 255 3
195 157 221
1 0 1 3
167 59 157
1 0 0 3
1 3 2
1 0 0 3
13 12 13
255 0 0 2
100 200
255 0 0 3
111 220 125
255 0 0 3
0 169 255
255 255 255 3
255 0 255
2 2 254 3
255 0 255
255 255 0 1
13
26 65 54 3
35 1 59
176 12 7 3
2 71 34
156 70 53 2
83 45
78 38 39 2
117 50
76 2 5 2
98 149
58 8 13 3
28 39 69
40 23 12 2
10 41
19 0 0 2
25 19
183 177 97 3
80 122 138
255 27 29 2
181 110
52 22 12 2
15 3
255 91 81 3
66 58 39
173 6 3 2
69 85
76 3 2 2
1 62
255 255 166 2
80 41
255 23 20 2
7 54
74 13 7 3
35 34 15
61 12 12 2
6 9
25 10 6 2
26 31
255 115 78 3
66 73 110
255 81 73 3
106 30 156
55 0 0 2
12 36
255 54 31 2
163 80
255 0 0 2
52 9
255 96 98 2
76 1
40 5 5 2
9 27
255 32 25 2
88 30
26 5 3 3
40 37 16
160 27 20 3
54 0 0
79 19 13 2
3 81
50 16 11 3
43 12 59
255 3 2 3
154 188 74
161 76 38 3
99 26 85
255 219 116 3
74 111 116
21 0 1 3
7 6 12
56 4 2 3
21 12 2
247 42 56 3
44 88 138
114 32 26 3
17 38 60
108 38 23 2
8 60
255 1 1 2
117 24
53 107 79 3
172 40 99
255 11 14 3
68 14 21
255 255 162 2
37 166
25 0 0 2
69 66
164 80 58 3
84 41 110
255 195 138 3
233 201 211
255 2 4 3
184 34 60
128 56 34 2
79 119
35 4 2 3
11 62 14
61 3 5 2
92 86
255 30 56 2
144 51
97 7 4 3
27 61 5
14 22 28 3
14 5 15
71 6 3 3
48 34 30
255 4 5 2
114 3
134 43 26 3
190 42 175
226 63 37 3
121 92 69
116 19 26 2
75 43
123 56 51 2
15 79
15 12 8 3
1 3 0
197 70 99 2
121 142
31 18 9 3
15 11 11
241 16 8 2
156 187
95 0 0 2
23 29
30 95 71 3
14 105 1
19 18 16 2
25 30
48 13 11 2
81 66
40 6 10 2
21 3
165 16 15 3
49 18 21
91 110 61 3
77 47 170
80 0 0 2
10 44
27 2 1 2
8 28
2 2 2 3
5 11 3
255 110 67 3
2 16 164
105 33 37 3
79 108 71
255 72 39 3
157 107 122
100 3 4 3
87 1 87
50 34 21 3
13 27 17
41 87 54 2
81 47
131 63 98 2
125 137
25 1 1 3
24 17 16
94 107 60 3
125 60 35
255 0 0 3
51 63 187
227 37 60 3
17 228 164
152 17 9 2
128 227
94 12 6 3
7 53 20
159 19 14 3
1 72 26
18 9 6 3
21 26 2
