40
3 2 100
3 5 7
4 8 16
1 20 5 2
51 791 1579
1580 1580 790 790 790 1580 790 1580 1580 790 790 1580 790 790 790 790 790 1580 1580 1580 790 1580 1580 790 1580 1580 1580 1580 1580 790 790 790 790 790 790 1580 1580 1580 1580 790 1580 790 790 1580 1580 790 1580 1580 790 790 1580
3 2 50
3 5 75
5 787 6260
8130 1655 2181 3922 9565
5 1880 6018
3080 1128 9191 9115 1854
5 7938 9950
5442 684 6865 5317 4961
5 5738 8017
1848 9312 1948 2264 825
13 1 10000
7590 3431 6907 205 4227 1676 1642 2951 7190 3476 535 3514 3700
6 2 10000
9967 9931 9973 9929 9941 9949
5 7854 8736
5917 1984 6971 1563 6741
100 1 10000
8662 1328 9309 3563 4311 8660 5787 3061 8506 7514 9004 2861 1240 4516 5554 860 7412 4283 7439 6934 1550 3924 5903 94 5078 601 6899 6883 9141 7289 709 2635 8666 6434 1497 4158 8893 8172 1159 2552 7438 5517 7822 9406 608 3851 1922 9265 9645 4496 6870 4677 9496 6941 540 4291 687 2221 660 5658 9523 7036 1237 1257 7245 3506 4251 2730 9646 3615 5095 1717 9861 5954 1594 1983 574 631 4588 9878 2600 7929 4626 3714 3961 3906 669 2563 1016 2250 889 3258 3732 1734 5245 4560 329 5378 3263 7728
5 6812 8633
1268 5084 145 4244 3014
5 4588 9952
8430 2283 4989 2187 6979
10 8301 9961
4 415 20 332 2 10 5 166 830 83
10 61 119
6120 30 2 10 3240 2520 20 8280 4 4680
5 6633 9823
6151 6432 2795 3991 3374
4 2 10000
4 3 17 49
5 3522 5915
1737 3458 2567 1441 2495
12 2 10000
1 8633 8633 8633 1 8633 1 8633 1 1 8633 1
10 61 119
8 4320 15 9360 5040 8640 40 60 5 6480
5 2375 5663
6524 2243 2395 4770 2886
5 5236 8626
8014 7697 3284 9157 1915
7 5 10000
9714 9942 9822 9762 9726 9978 9678
5 2278 5803
5677 4580 7251 4990 1803
100 17 48
3312 7248 960 6912 1824 5808 1872 2880 4272 1584 6144 4992 5184 3744 5712 4080 5952 3648 5760 7008 2016 5616 9216 4800 8688 8064 9504 9744 7056 768 6576 3168 8496 6480 3696 6528 3600 7296 5520 8928 2352 8112 9936 5088 8736 3984 1776 2640 1104 528 2208 2832 2400 3120 6288 7680 1488 1008 6624 6048 1536 4512 6960 9264 3264 9552 2064 2496 8880 2112 6864 7536 1248 4656 3936 1152 7824 5328 1680 1056 7344 6000 1296 5568 4704 1200 4368 3888 8832 3456 3360 3792 6432 6096 624 8256 6672 4752 2448 8160
100 2 10000
5782 5959 4720 4838 3127 1062 1888 2242 4189 5192 1593 4307 2714 708 1652 1711 3481 2832 3776 3068 4602 1534 354 3363 5251 2124 5487 4779 1298 5664 413 5428 4366 1357 3009 3599 118 2655 2537 767 4897 1770 3422 5605 2006 295 944 4130 4425 3186 4956 2891 3245 1003 1829 3894 3835 3717 5369 3953 5133 3658 4661 2301 2596 236 2478 531 2950 4543 4484 2360 2773 5546 1180 1416 3304 472 826 5723 1239 2183 2419 5900 1475 2065 885 1947 5841 5015 177 1121 4248 4071 649 590 4012 5074 3540 5310
5 7040 8507
7625 5136 134 3373 8685
5 4048 6038
3826 4985 7195 8830 4968
5 5630 8712
7571 8280 6256 2314 9655
5 3963 7536
1134 4443 1392 4949 6172
2 5001 10000
2500 5000
10 2 10000
10 6 15 1 7 3 5 30 11 2
5 6865 8190
2918 645 1585 1250 9053
5 2856 2995
9311 9752 639 7869 2967
51 491 980
98 98 98 98 2940 98 2940 98 2940 2940 98 2940 98 2940 98 2940 98 98 98 98 98 2940 98 98 2940 98 2940 2940 2940 98 2940 98 98 2940 2940 2940 2940 98 2940 2940 98 2940 98 98 2940 98 2940 2940 2940 2940 2940
5 8682 9741
3776 2562 6905 6241 5431
10 2 10000
11 1 2 5 3 6 10 2310 7 15
50 2 10000
1680 14 9 360 5040 336 60 63 80 4 45 252 72 280 720 210 105 30 144 40 630 12 1008 20 504 15 126 42 112 120 140 90 28 84 18 180 3 7 2520 10 840 168 56 560 8 2 1260 315 420 16
5 9221 9819
2094 7761 5129 4886 740
