100
6 2 8 29 20 8 18 18 21
58 11 4 25 8 9 19 16 20 8 8 0 8 8 3 30 8 29 12 4 9 30 16 16 18 21 28 11 8 17 8 8 13 28 19 9 9 9 10 9 8 8 9 21 8 8 8 27 8 9 8 26 8 13 8 9 9 6 4 16 9
35 13 4 9 9 9 9 3 8 3 9 8 17 0 9 19 8 21 8 17 9 9 8 9 8 8 8 8 9 13 29 9 8 8 8 10 9 9
23 23 5 20 2 2 28 26 17 18 14 7 16 23 3 17 15 5 11 13 7 5 26 6 19 25
5 3 2 4 14 0 14 18
95 13 3 24 6 6 25 5 14 10 26 5 17 6 16 6 27 28 5 12 5 6 20 24 6 6 3 5 5 6 6 6 5 0 6 5 0 14 5 6 30 30 4 6 6 6 5 27 5 5 15 6 16 9 18 5 18 22 6 5 6 18 5 5 20 28 19 30 5 28 5 5 6 5 10 2 5 17 5 5 6 5 6 6 5 14 5 6 6 6 5 5 5 5 6 5 19 17
23 0 1 6 23 22 22 28 16 18 24 27 5 14 25 29 10 21 4 23 12 26 2 25 6 28
36 9 2 16 22 13 3 2 16 5 11 24 2 23 11 3 8 2 3 20 3 2 26 27 3 1 3 22 5 17 26 3 15 1 5 3 28 2 22
73 0 4 15 12 22 5 21 19 30 3 25 19 4 19 20 18 13 13 18 26 18 24 13 16 16 10 27 6 2 27 28 13 29 22 1 0 16 18 16 19 18 24 18 7 27 20 19 7 7 11 20 11 1 28 16 10 27 3 16 26 11 9 25 1 7 14 14 22 7 15 28 9 7 13 6
10 0 10 30 30 30 30 30 30 30 30 30 30
19 2 5 1 1 10 7 15 8 28 23 11 20 12 17 20 22 2 11 14 17 14
8 0 1 17 1 7 13 3 15 12 12
25 7 5 12 12 2 19 12 19 21 11 23 27 11 26 12 18 17 12 12 25 12 12 11 25 11 30 4
72 34 2 2 4 2 6 2 3 12 2 3 2 3 0 10 24 23 3 27 13 7 2 24 2 12 3 3 3 28 2 3 3 12 25 8 15 7 3 21 2 23 19 3 2 22 3 7 2 3 21 3 3 2 3 2 15 19 3 21 24 3 3 23 3 2 28 21 20 2 3 23 7 2 3
1 0 5 16
67 21 10 27 11 19 29 25 27 27 27 14 11 23 27 13 1 7 26 10 27 26 27 2 27 8 22 15 27 27 4 27 28 27 27 13 27 24 27 26 29 6 20 27 26 26 24 26 11 26 26 27 0 27 27 23 18 21 8 27 5 0 27 26 26 26 26 27 14 26
85 85 7 10 19 27 16 24 28 3 15 2 2 6 28 23 8 23 12 3 15 13 28 24 20 8 14 10 24 16 22 3 7 18 7 16 6 16 12 22 12 15 6 23 19 21 5 7 26 17 18 21 4 12 25 11 14 28 19 24 18 8 2 28 4 21 2 13 11 9 17 7 15 9 11 3 23 16 23 3 3 10 15 21 16 8 10 15
23 0 0 0 0 0 0 0 0 0 0 0 0 0 0 0 0 0 0 0 0 0 0 0 0 0
19 19 2 26 4 14 6 7 21 3 11 28 24 20 4 14 12 28 14 19 11 10
60 34 2 11 6 22 21 11 1 21 17 27 9 6 20 23 5 29 2 25 15 14 29 6 21 17 18 29 22 25 9 23 4 20 27 11 19 30 0 4 16 11 21 17 10 11 9 0 23 25 27 9 27 17 24 1 13 10 17 26 21 24 12
51 0 3 2 6 3 5 8 6 28 6 25 6 5 30 5 6 26 9 6 6 11 5 6 6 17 25 19 5 6 11 6 2 5 9 6 23 6 14 6 22 5 18 5 5 18 23 6 0 5 23 24 6 5
26 26 4 5 16 28 22 5 15 10 12 18 16 5 7 27 21 22 2 28 15 28 21 12 28 25 10 18 5
28 0 9 4 12 14 5 8 20 9 18 19 26 12 6 5 23 23 2 8 27 21 14 13 9 20 20 27 7 24 16
97 46 2 3 2 16 0 4 10 22 3 2 6 28 15 0 12 21 29 1 7 15 7 6 29 25 18 8 24 22 29 4 18 0 28 5 1 15 13 5 17 29 5 15 10 3 20 20 0 12 22 22 3 26 4 8 15 19 17 0 1 6 5 12 22 7 10 1 0 16 17 5 6 4 27 2 18 24 12 29 7 9 4 5 10 24 4 21 21 21 18 27 18 4 8 17 6 19 0 1
79 4 5 12 26 12 17 12 16 3 12 12 8 11 11 12 26 14 6 13 29 11 12 11 10 11 9 11 12 11 11 15 4 12 20 1 22 11 11 5 21 12 20 11 12 16 16 11 12 12 1 12 11 12 11 5 1 6 11 12 11 11 11 20 15 12 11 25 24 21 1 11 5 17 12 22 4 10 11 12 5 29
1 0 1 9
99 16 3 25 11 24 5 5 12 15 11 5 24 5 5 6 6 8 6 5 6 22 27 25 14 5 28 5 5 5 13 23 6 5 9 9 6 6 6 20 5 6 5 5 5 2 9 5 5 5 5 3 18 26 5 6 5 6 5 5 5 9 5 11 6 29 5 13 6 13 20 6 25 5 5 22 10 27 5 6 13 29 18 28 5 6 4 20 5 5 30 7 5 24 24 5 5 5 1 25 23 16
8 1 7 3 0 26 6 23 9 6 25
6 4 10 13 4 3 16 21 21
72 8 3 23 5 5 6 6 5 5 8 28 9 7 30 4 2 11 5 26 6 7 6 7 5 6 5 19 11 6 5 8 7 2 7 14 30 6 23 29 1 17 13 5 11 3 5 6 6 20 6 24 6 18 27 24 19 6 5 7 3 6 6 5 23 6 23 2 6 5 4 21 5 15 3
75 41 5 25 11 12 2 6 11 28 11 11 9 12 12 26 19 6 23 12 26 26 12 28 11 14 11 11 11 11 11 12 12 12 11 11 12 12 12 12 12 11 13 12 12 2 11 11 11 14 11 26 11 28 8 9 12 12 1 24 12 12 11 14 26 11 12 12 19 26 12 10 17 20 12 12 12 12
60 13 9 26 17 1 23 2 17 2 24 23 13 19 24 24 4 23 25 24 8 23 23 17 24 20 20 23 5 24 0 5 24 23 23 26 23 24 24 23 24 24 28 24 14 24 23 23 7 24 5 17 23 23 0 28 24 24 30 23 24 23 24
53 10 10 23 27 1 8 4 27 24 26 27 26 26 26 19 27 26 26 26 5 27 19 27 25 27 2 26 4 8 27 25 27 27 27 4 22 9 9 26 29 26 21 30 2 27 15 27 22 26 26 8 27 27 27 19
57 0 1 0 0 0 0 0 0 0 0 0 0 0 0 0 0 0 0 0 0 0 0 0 0 0 0 0 0 0 0 0 0 0 0 0 0 0 0 0 0 0 0 0 0 0 0 0 0 0 0 0 0 0 0 0 0 0 0 0
10 3 4 14 16 11 16 12 29 0 24 14 0
64 17 5 6 11 11 11 12 11 12 12 12 24 11 11 16 12 12 11 11 11 14 9 9 9 11 12 29 11 12 4 12 11 11 22 20 12 0 3 19 12 12 16 0 12 18 9 12 30 19 1 14 1 14 11 12 16 11 8 11 20 3 12 24 11 6 12
42 7 2 27 2 27 13 21 3 2 3 3 2 2 11 1 3 2 2 3 24 13 3 1 27 3 24 3 7 3 2 27 2 2 2 2 27 3 2 3 2 3 2 2 3
13 9 5 10 12 22 9 17 2 2 10 20 15 18 30 6
21 4 3 26 20 22 2 10 29 15 3 5 12 7 20 3 23 8 25 23 5 20 20 25
7 7 1 9 22 4 24 21 28 19
89 27 6 14 9 15 15 8 20 15 14 14 14 14 15 14 15 15 14 14 28 14 7 26 14 14 13 14 15 15 15 15 14 24 6 18 15 19 28 18 15 15 3 15 27 24 28 30 24 14 14 14 19 4 24 14 14 15 14 15 14 14 4 14 15 23 16 15 3 0 14 14 14 15 14 15 22 15 26 17 25 14 15 15 14 14 13 17 2 18 10 15
19 6 6 4 22 19 5 0 0 26 21 21 11 21 11 2 21 20 21 16 22 13
95 35 9 23 7 20 7 28 7 24 14 23 6 13 19 5 23 24 12 23 17 10 23 23 14 24 13 23 4 23 23 25 12 11 23 23 23 24 24 23 24 23 24 16 23 16 23 23 6 24 15 23 30 16 23 23 24 24 23 24 12 18 24 21 13 24 23 23 14 24 12 23 25 24 24 23 23 14 28 10 24 21 23 24 0 26 24 23 13 23 24 24 23 23 7 23 23 28
96 18 6 23 14 14 14 22 28 14 15 12 19 14 14 2 30 15 4 14 10 6 13 2 30 27 14 8 15 30 14 14 21 30 29 17 8 15 26 14 14 14 26 6 4 14 14 8 20 27 15 1 14 30 9 15 18 24 15 15 14 15 14 15 15 15 18 10 10 14 15 8 15 15 0 14 15 14 14 15 25 26 0 18 5 15 14 1 10 18 29 21 15 0 19 13 27 17 13
36 0 5 18 6 28 5 20 18 14 1 20 16 10 18 7 4 30 6 6 5 29 18 17 30 18 16 25 12 15 30 21 18 1 29 20 19 21 6
56 0 2 9 13 23 26 5 2 23 12 28 0 27 13 18 4 5 5 28 4 8 4 30 20 23 18 7 9 27 1 27 8 9 2 11 12 12 26 12 2 22 18 20 30 9 14 10 23 0 17 11 30 18 11 10 7 13 11
40 0 9 23 23 18 23 7 24 23 3 30 29 23 24 0 24 24 6 23 4 8 16 24 24 16 23 24 5 24 24 8 24 24 7 30 4 2 24 22 23 7 30
28 16 9 13 11 9 15 3 26 3 23 15 0 13 0 24 3 9 25 15 2 7 25 2 16 25 5 22 18 13 20
9 3 1 29 10 3 26 11 12 30 12 26
4 1 4 9 23 8 9
1 0 6 14
23 0 6 29 20 11 5 2 26 3 10 15 12 13 23 27 21 10 16 29 29 14 18 20 0 14
72 36 3 25 4 28 15 5 23 20 27 12 17 24 17 16 19 18 8 13 27 23 5 23 4 10 27 3 7 27 9 27 14 0 23 22 12 13 13 9 8 21 9 7 1 17 22 5 30 3 5 14 10 9 24 19 13 26 9 1 16 9 17 8 28 25 28 9 23 0 21 4 28 11 22
64 0 4 20 29 28 29 21 16 10 15 6 12 8 14 11 0 28 5 2 0 13 26 28 5 23 20 1 20 13 7 2 26 23 20 21 22 18 2 16 26 20 5 23 0 29 22 29 19 13 11 23 5 26 13 23 30 18 21 11 23 24 11 4 3 26 20
25 20 0 9 2 2 0 10 27 9 8 25 26 6 29 14 1 9 6 6 16 20 26 6 20 27 0 6
69 0 10 19 25 20 1 24 9 26 8 16 8 27 14 19 2 18 1 5 9 27 10 24 30 3 26 18 9 3 22 28 13 21 23 9 8 26 16 10 2 4 8 22 20 8 15 15 14 20 24 17 20 23 9 17 9 6 14 30 17 9 28 6 27 15 6 18 27 0 13 16
71 41 7 3 13 29 11 29 18 23 20 7 11 22 1 9 6 3 13 8 27 2 11 6 12 23 4 4 4 3 28 3 10 12 17 15 3 12 21 7 23 5 20 15 18 0 7 8 29 12 0 10 22 25 26 15 27 19 19 28 13 9 16 6 19 23 27 10 26 13 30 18 20 29
60 24 4 5 8 8 4 4 8 9 8 8 8 21 9 10 3 8 8 9 8 21 25 9 22 8 9 11 8 9 9 8 22 12 16 8 8 9 5 8 5 24 24 9 9 21 24 26 15 8 7 16 2 9 19 9 9 9 2 8 8 8 22
56 24 10 2 26 26 13 8 27 1 10 20 26 26 26 0 27 26 26 27 30 7 26 23 26 26 26 26 27 16 14 26 27 27 27 27 30 26 26 26 27 26 3 27 26 15 26 26 15 27 27 26 26 19 15 15 9 27 27
40 4 2 16 1 2 3 3 25 17 12 3 3 5 20 2 3 2 5 5 9 2 11 2 14 3 2 3 29 26 7 3 3 22 3 2 2 2 0 3 24 3 15
15 6 4 8 27 28 8 1 9 8 24 8 9 9 8 22 9 9
20 2 3 21 21 25 30 27 8 7 10 20 28 29 20 5 7 16 9 2 30 17 17
17 4 1 21 5 15 4 17 7 8 10 14 17 4 17 2 2 10 5 30
41 5 3 14 11 4 2 6 12 30 13 5 13 28 1 21 26 11 8 25 4 9 6 6 18 3 1 9 20 20 6 12 26 16 27 24 1 8 22 5 29 12 26 6
30 9 7 18 17 23 18 0 17 17 17 9 17 17 17 17 11 13 28 18 7 17 14 3 17 17 2 17 9 10 28 18 17
35 35 1 15 17 27 23 18 23 27 12 3 24 5 28 11 9 25 17 21 22 27 24 10 9 18 5 19 13 3 19 12 15 10 20 22 10 23
2 2 9 28 22
66 0 0 30 30 30 30 30 30 30 30 30 30 30 30 30 30 30 30 30 30 30 30 30 30 30 30 30 30 30 30 30 30 30 30 30 30 30 30 30 30 30 30 30 30 30 30 30 30 30 30 30 30 30 30 30 30 30 30 30 30 30 30 30 30 30 30 30 30
75 0 6 10 25 9 15 19 14 15 15 10 15 14 15 1 15 15 14 29 3 15 22 14 6 14 13 23 15 10 15 15 20 14 15 6 14 14 15 15 15 14 14 15 15 14 14 14 15 14 8 16 12 15 17 14 6 21 26 16 0 26 0 10 18 14 22 8 7 14 14 15 20 15 15 15 21 8
74 37 4 8 14 29 21 6 1 26 19 19 12 23 2 13 23 24 24 16 10 4 4 15 27 1 22 1 0 25 18 10 5 20 12 9 30 22 2 26 14 30 2 1 25 25 21 12 18 11 11 3 25 27 3 20 9 6 14 29 3 13 20 21 12 4 20 8 29 4 22 6 8 22 2 26 13
98 78 4 10 14 9 7 28 4 6 30 28 11 22 18 20 12 1 4 12 30 26 1 19 2 23 7 22 18 22 0 11 17 24 28 11 3 21 28 15 24 18 22 8 10 27 23 28 23 1 16 2 14 26 28 11 8 24 20 10 11 17 17 21 12 16 12 12 20 27 13 5 22 13 14 17 16 29 18 0 3 1 16 4 13 23 20 23 9 3 13 9 26 10 21 13 7 12 25 12 4
4 4 10 9 22 24 7
46 7 10 26 26 27 9 5 27 26 14 7 30 27 26 29 24 2 27 6 20 18 27 26 26 12 26 27 26 27 27 27 16 0 10 27 0 27 26 4 27 21 11 17 23 27 26 26 8
30 14 10 27 24 17 0 27 19 26 27 18 26 15 17 30 27 16 26 26 27 27 26 24 26 26 19 19 27 27 20 26 27
78 48 1 13 6 17 14 16 15 11 29 18 24 21 20 12 24 11 30 18 20 0 18 14 13 14 19 0 23 11 23 21 29 27 25 20 29 15 5 12 2 25 8 3 27 18 13 26 26 30 3 28 22 3 21 18 16 15 23 0 26 26 3 14 6 28 14 16 5 15 22 14 17 5 27 4 1 0 29 12 4
12 12 8 14 4 8 4 16 25 8 23 10 11 20 12
30 0 5 7 1 16 13 21 7 28 29 20 9 17 23 28 4 16 3 21 27 17 23 1 11 3 8 23 29 28 15 5 8
85 35 1 24 18 2 9 1 13 22 1 7 20 12 13 7 3 20 9 6 9 29 6 22 7 0 5 16 15 22 29 25 19 29 8 17 15 0 30 1 8 0 9 16 13 3 9 13 2 28 4 19 6 19 1 18 6 10 4 23 28 21 6 30 19 30 27 15 9 9 22 7 30 12 16 2 14 21 4 11 15 0 24 3 29 2 23 29
82 17 10 26 26 26 29 4 10 28 26 27 20 27 30 3 13 27 11 27 18 27 26 11 20 26 24 26 3 27 26 26 27 27 1 27 26 26 27 17 10 26 9 26 27 26 17 13 27 13 27 27 27 27 26 20 26 8 26 25 17 26 26 27 2 17 17 13 29 3 27 26 13 26 26 25 27 30 12 26 27 15 13 27 25
80 20 7 18 17 18 25 23 18 12 16 18 17 14 17 17 20 22 17 17 18 27 17 1 4 17 6 19 13 17 29 17 17 17 17 17 14 10 19 17 11 18 17 17 19 27 18 17 25 0 15 17 18 2 9 7 29 17 17 17 17 17 17 27 22 17 18 18 17 25 25 17 25 19 17 10 20 17 17 4 18 14 18
67 21 10 16 4 10 12 11 18 30 28 17 16 25 16 16 25 6 10 9 4 12 29 5 12 30 7 9 16 15 9 12 3 8 1 29 17 6 13 1 19 22 23 26 15 20 16 25 3 18 8 25 28 20 1 4 1 26 6 2 8 9 4 23 21 5 5 28 0 16
100 4 7 26 28 3 19 22 28 1 12 3 7 3 0 27 15 21 25 24 29 5 22 17 16 18 18 3 8 11 0 27 2 13 4 8 20 25 29 17 12 1 6 9 24 1 2 19 11 24 5 1 18 16 26 22 15 8 17 8 17 4 3 9 30 22 16 21 20 28 21 25 11 10 29 18 30 21 22 11 20 30 29 20 4 2 15 16 2 11 18 13 16 2 23 12 21 3 22 13 17 5 26
25 12 7 11 27 18 15 15 21 7 30 1 14 27 25 18 18 13 20 26 22 8 10 5 6 21 7 6
66 2 10 3 26 27 27 26 27 15 27 5 26 27 4 26 25 2 25 26 20 26 29 26 9 27 23 27 23 13 27 16 27 26 0 26 27 26 30 27 26 27 2 27 26 25 26 16 26 26 26 5 27 0 15 27 27 26 26 4 27 2 27 26 26 8 29 23 27
66 65 1 25 26 17 22 10 10 23 2 23 16 4 5 6 5 21 6 19 2 27 27 9 8 10 22 22 3 20 16 18 12 20 16 6 3 28 4 0 4 19 24 2 27 28 17 28 25 7 23 6 6 14 17 2 23 15 3 19 19 24 20 3 9 14 9 14 16
42 22 7 18 6 17 18 23 24 24 17 16 18 18 11 17 17 3 17 18 17 2 17 17 17 17 18 17 5 29 18 12 18 25 18 18 17 17 18 18 24 18 18 18 22
90 69 8 17 1 18 25 24 2 15 10 30 7 20 13 19 5 23 8 19 26 2 30 2 12 30 3 26 25 11 5 29 30 24 20 27 22 19 5 26 0 9 9 13 28 27 8 10 16 7 7 25 15 18 29 16 18 4 21 4 6 23 22 9 28 30 26 19 23 4 23 29 9 7 23 0 5 8 6 4 23 7 7 17 16 23 24 0 29 27 2 16 7
11 11 1 28 2 21 11 26 16 19 3 3 13 6
73 59 9 20 12 14 0 15 24 25 3 24 6 10 13 16 28 12 25 29 19 16 13 21 11 27 0 15 4 10 14 23 23 9 27 29 4 7 27 16 9 22 19 24 29 20 7 23 7 3 15 0 25 19 26 14 20 18 23 13 12 28 8 3 22 25 29 0 3 5 7 14 16 6 22 13
5 1 8 21 17 5 20 20
27 9 2 14 0 16 18 18 29 19 4 0 22 29 5 4 12 0 5 13 26 13 12 22 30 22 9 20 29 25
80 1 7 4 5 17 18 17 21 20 18 18 17 19 0 21 9 0 17 18 18 20 18 18 14 18 7 18 15 17 0 10 18 10 18 18 5 18 18 4 17 18 24 24 18 24 14 29 15 11 18 13 20 25 17 3 17 17 16 17 18 18 17 17 4 18 22 8 18 17 18 26 17 17 17 18 18 26 17 29 17 17 17
85 13 0 10 20 10 24 21 24 14 18 18 17 24 9 10 7 6 13 18 24 15 12 11 9 19 20 10 29 0 3 13 2 12 20 20 30 19 16 17 21 29 28 30 16 10 29 28 27 5 7 10 8 4 17 17 25 2 10 1 25 16 16 30 7 0 24 14 8 13 26 5 18 21 22 5 1 18 17 3 17 8 21 15 17 10 6 27
96 6 3 6 28 6 13 6 25 1 16 5 10 8 6 29 26 27 6 6 15 6 5 7 6 5 6 11 6 30 6 6 16 20 3 5 6 5 18 6 6 13 27 0 5 21 6 5 22 5 25 14 6 5 3 6 5 17 5 6 5 6 5 19 6 14 6 5 29 6 6 5 5 6 3 5 29 11 13 15 10 6 13 1 25 6 5 5 5 25 0 6 7 10 5 23 5 27 20
61 40 2 5 9 30 13 5 8 0 28 24 15 25 23 4 29 8 3 19 1 11 12 21 21 20 9 28 4 22 27 9 28 17 3 8 26 26 11 15 11 28 2 7 27 20 24 4 4 3 13 23 14 20 3 1 4 30 8 19 15 1 0 29
80 0 9 22 25 29 11 25 30 25 16 15 23 10 6 15 14 14 25 2 18 6 10 23 5 0 13 29 16 26 6 15 25 17 11 7 3 16 0 3 14 10 5 3 14 9 15 5 27 9 30 27 7 9 27 19 24 14 12 4 16 28 27 20 26 22 29 25 15 18 9 10 17 1 13 3 10 14 6 22 30 23 22
77 77 0 15 3 2 14 27 12 23 25 12 12 3 22 8 28 3 26 25 19 3 13 14 2 2 9 21 28 11 16 21 11 7 3 15 4 25 16 26 20 8 25 5 16 13 6 26 13 3 15 17 5 15 22 25 17 17 17 24 15 8 19 15 9 17 27 6 8 15 3 27 8 6 11 26 23 8 8 18
20 0 10 27 27 19 27 21 1 2 23 6 0 27 17 16 27 13 9 18 8 13 0
6 6 1 7 14 18 10 16 2
11 1 4 8 6 3 16 8 8 4 9 8 9 1
