100
3 1 5 15 13 11
3 0 8 23 22 21
3 0 2 19 9 30
1 0 6 14
1 0 10 26
1 1 10 16
1 0 3 13
1 0 5 1
1 0 1 0
3 0 9 15 29 23
3 0 7 10 14 4
1 0 3 6
2 0 10 15 26
3 0 7 17 18 18
2 1 6 29 3
3 0 6 16 15 27
3 3 4 3 20 9
2 0 8 1 21
2 2 8 17 19
3 3 3 9 11 14
1 0 3 22
1 0 7 25
1 0 3 14
2 0 9 22 24
1 1 10 21
2 1 1 22 0
2 0 0 30 30
2 0 3 19 8
3 0 7 13 18 18
3 1 5 21 28 5
3 1 5 10 0 6
3 1 1 30 8 12
3 0 9 25 22 9
1 0 7 18
3 0 10 12 26 17
3 3 2 12 10 28
3 3 8 10 7 11
1 0 0 0
3 3 4 22 5 4
1 1 6 11
3 0 9 8 23 6
1 0 3 30
3 0 4 25 15 8
1 0 6 15
1 0 9 27
3 0 3 6 29 6
1 1 4 27
3 2 1 2 13 10
1 0 3 5
2 0 9 23 18
2 0 4 9 8
2 0 10 26 27
1 0 2 3
2 0 0 22 1
1 0 5 12
1 1 4 16
1 0 7 18
1 0 8 21
3 1 9 17 10 5
1 0 2 2
3 0 10 24 17 28
1 0 6 30
1 0 5 12
1 1 4 18
2 2 6 5 8
2 0 3 19 0
2 1 1 22 29
1 0 2 8
2 2 7 24 6
1 0 2 11
1 0 5 27
1 0 10 26
2 0 4 9 13
3 3 9 21 8 23
2 2 10 7 26
3 0 9 16 23 17
1 0 2 26
1 1 0 23
1 0 6 10
3 2 10 7 8 9
2 0 8 25 17
3 0 3 0 5 2
2 0 6 28 21
3 1 8 10 9 11
1 0 6 30
2 0 10 30 30
2 0 8 29 20
3 0 1 8 3 11
1 0 6 7
3 3 3 19 23 24
1 0 3 6
1 1 6 20
2 1 9 24 24
2 2 5 8 23
1 0 3 9
2 1 6 8 30
3 3 8 3 21 13
2 1 6 3 8
1 0 10 27
1 0 8 8
