1 1
1 9
121 1
1073741824 1073741824
1 1073741824
1073741824 1
268435456 536870912
268435456 2
268435456 1
126897667 819617714
336853082 374768921
510060073 916231472
490233466 617732758
593364254 699340072
799323595 73688101
585662827 942453262
21478749 161927294
242990059 681257583
123215701 73641029
503400788 233664071
99767324 790307813
148441936 16827559
72345505 145745470
93921828 239109802
626143660 297559329
411480044 84047031
403350075 849772703
651753058 992541468
483119861 196835877
868739128 251202284
925933229 708762727
817878783 472284216
595169263 506778913
828733091 506740372
901056419 194727328
888143731 347401452
208374977 42786595
5425081 235710886
420464140 222138370
273432034 408844315
558411494 380835508
155565115 412981340
426027060 1012477842
395198263 480164416
384636489 250503804
544315207 986524885
545017068 831415617
277757767 36011784
615684709 430249951
321228914 765023925
495145635 791144334
797220079 576164598
2083688 224605598
614435304 15736519
1049905804 851848996
1954357 993798401
164230990 254890615
921922194 917096089
220262327 657633148
348737642 458576951
356954888 522108869
678927407 143342621
140452410 266699644
188465221 808588633
622421907 582049825
464989561 176644428
686696007 1050152471
732767753 903380095
882467618 415085056
796530753 449161157
989374292 604966636
552298912 980836020
1021111862 536448595
503589778 189038696
807927607 404138727
32096957 957816729
113632450 560732971
238754257 624828158
818757960 159049955
570788092 929894149
324817738 28144210
385100507 348525011
196381055 630661702
466151429 369941153
749967362 934837235
205132325 862334297
774311829 803661732
176420772 533304207
212240369 232881460
669739230 181488581
162561573 886233437
698660849 472893442
868685836 559143638
983714832 85090483
994840009 1069806655
356938094 980300005
166595164 776572892
258318009 367943876
665707583 56087077
771815715 357200759
854007578 452909090
204763126 964656445
309147523 861953686
714102979 370177771
616974799 20221697
453772568 778056616
971224307 724139880
746412746 465227275
42101366 769901042
177801164 369930614
933669999 525283675
964655771 81966292
75631259 815068969
458512439 611388313
227442552 155097278
165722278 240525849
299277947 530425910
358351638 1072351788
558945358 860653070
750506624 629304611
401787427 743862439
216587233 626280461
885132563 253488786
360537864 355600205
733489810 36466857
651246312 268461695
652378860 215931136
983584392 342608299
231285465 893412258
1008295796 199038155
971769116 13385243
70143696 982668963
219884855 957737689
723645927 943926239
1017388073 83189075
555520860 825364368
903229503 900041742
915751388 474619372
155685112 812975460
892174702 725360228
1067276275 418636835
96693319 29751818
309573618 834883833
764395572 851252037
91091688 891325874
799962517 442909654
780271646 415782726
688073955 23959085
978375521 380582837
831933388 985407248
1004160581 639127729
14430937 365669517
153793653 77432865
191202475 960384832
349203475 127119210
583927742 230363881
453518123 195557003
938425290 1001491280
397521714 125152271
267668387 16460411
508652442 267430595
343839930 866886962
129391726 430687817
1009028385 554760915
442698250 604656500
180904229 993527162
1033636566 606124402
824193402 160679795
504832023 305776842
836725487 754187011
45968086 427124013
63914170 723171702
752643531 479256332
509338195 927555212
126590303 41036300
373069270 341450024
889671360 978644286
1064726534 146672218
777905921 558578222
261878475 273593262
320420677 83068865
778529622 194946518
496771852 849501663
607287488 497391773
818630007 479719155
1055568971 966477102
945322676 855682102
965346340 719272869
733497957 205763023
727232964 473718007
981262379 1012053947
669510864 66842150
512929582 521995406
609547162 359041480
96521670 96579327
277850661 969966807
685982244 745884484
463665344 192130014
783010074 286519618
954850094 7441765
610052072 500848773
323066208 246929085
217655837 462395153
356004542 292788240
467696780 441769982
226333951 43553995
952215111 1026125541
705611666 135206222
258109621 331783453
809223321 44891893
903815088 1067118022
710625392 814106474
417721016 791326121
88830149 615327821
420427826 533304294
944936005 561760292
568503226 642424939
992037841 440884648
778643589 515523910
841823818 758653521
91027666 290109380
619417574 306297154
382425959 68884053
942360095 170721147
982370343 4186196
914342181 245271133
838159538 993922188
535309293 1028942208
860320276 819059610
405967815 902435036
1024601221 70210324
295094407 375038005
1070818880 968629902
809137728 791153898
294176350 224486241
374243721 751895299
984966344 1037034569
583876444 531079831
636824635 792306132
723628408 116952710
156285782 434762910
263815263 424939896
457221565 832040541
994442207 637693491
364643913 220110527
1003223848 153665605
970744646 1011067159
874972535 552935922
295695820 271476698
501333070 549395581
255030552 368618218
952897599 1052030910
251500288 824569273
857168193 633130500
427329142 580825645
243858335 553425226
180920596 299597157
185979498 926465729
537124036 671466306
864233608 225013150
642926185 466410948
755865931 966620739
948312743 22150456
673366422 922848948
1066469809 430951991
125844126 870271323
224675623 336683629
253290284 435852061
492967693 785889597
277425273 1026350529
1067555018 247862569
607338390 80374689
1005625651 375593747
300302440 680559026
919307448 931104836
684026667 216175833
780124807 804461650
328219024 608753550
460100058 434971586
83942503 717479125
115565119 629137551
826541778 82793853
345665532 925162866
2331668 275332283
302465 632031487
585965797 819140874
792974056 908608915
368460128 1045972580
132002949 130673425
493980794 373198533
368218506 990021487
379733511 653633023
913144757 848624403
821035099 128871907
835094801 992599550
645406315 353122224
35934409 208792270
722513803 55609311
830325769 547290244
500084151 163918129
393778157 332921897
127481703 259058712
158229891 303360820
900984319 530571118
540910813 5638090
520368579 868999027
124180527 87807948
481789025 860321834
8676356 947238833
174910221 806037497
259572093 421091895
1067956516 544571295
432945058 1049589212
498056300 570764409
46348481 422096174
78205912 140460568
40867044 913411814
607095265 446982182
794870349 919427799
732093300 410837400
235834635 260901032
977331300 648917560
950898326 1030937956
1032043130 600340341
87678599 858434774
751521800 283892108
690650449 109294518
746571541 367249915
1025837594 335202211
977350167 496440390
324101269 1026714104
31960889 383981068
631630839 606214751
597609269 857654124
213851128 383718981
852936897 533425341
446716130 146178580
833687936 315361932
656919475 62114114
863946132 52634872
253509455 493736493
712269486 738442070
345636799 65172165
560581567 172155167
55757956 17916687
736886317 926815552
547684087 12499565
530280859 1063626918
604968377 857265342
1029883718 572184871
369550901 96357448
67706345 231118262
818857268 77497721
630546233 742928618
144115575 1010440561
1014123504 208312015
387926895 45104223
869703521 625142543
221318393 496700591
422654885 226804837
348394547 231639048
734961489 88509025
762667097 711766807
925652418 733203072
658653115 171790637
654631668 538159502
457397688 429938859
245459949 128378462
377380819 915939649
83242161 780350156
266443476 572201209
991050962 1007220755
19446008 32283926
705065860 606923635
484010544 964256701
556520520 987768870
1019512695 812495737
388988197 951571362
10027566 633501056
705732463 249602356
405194895 1034026966
266116131 951769565
251781169 211174455
536734927 478207375
509151121 884990165
284430857 409232043
773275581 19947493
248860794 971901150
417115900 733594364
194942327 577709115
152133015 862603066
597847082 172946876
56319395 726474572
669875274 943379967
808058599 213364786
549821283 940844892
669040585 372682212
118491572 741291085
562478162 1021789367
419169170 862154530
835349568 327044257
307781731 232773635
800428322 927093568
34441259 1023254089
782910863 463280571
467703966 129458722
608185952 695595888
276374222 55364482
795336458 235946602
791706210 809532272
418025974 142614199
805838690 781823122
150824440 616236416
735337353 762521625
272720335 749419764
297843767 716604402
322735794 877292045
560308707 1052569420
372017912 477275410
775990823 129901168
890766784 748497406
605383002 852121313
592094397 385520039
68683957 819297490
285074684 973230270
844746257 946352880
568956877 697698713
72157740 925783408
954182833 1072762324
133061252 505629049
159451480 547699897
197217216 148470232
949239994 665598851
535304617 849136130
228788782 853988454
918607280 507974764
1045457316 689183086
791530765 265951538
392661471 522631211
210999138 916689414
872569293 163101490
171230967 774271097
744951263 386188898
863617924 579836816
963425923 235907850
879945864 661442986
74001568 1046347983
302747696 503423919
502113576 41893999
92685271 440454813
519785655 1035119942
965008136 359630935
971922506 365046453
530768409 471639247
741615610 649325126
756363605 665766006
453490893 1005957039
610741687 615197956
267948701 888354716
350010412 88722829
452482819 963976780
684163189 272899811
757466713 159281921
667848841 928565584
815312847 108328249
508646801 101787799
1041723782 520276156
373351281 456959820
319404487 941636989
1066835936 916609651
168348222 484513857
1065591315 1038783103
577408592 30054688
119653362 168322701
49145209 577653969
1063644646 952536831
913412800 815367621
333624879 819672160
90247733 543828504
623049931 56338326
844473729 1037521739
462798071 568543340
341702796 495389906
733928748 412102499
243519274 938626673
724850372 510427096
1015889117 330112871
342597147 323262329
732821414 268083055
923845707 563650572
250963686 779321994
236936052 94066818
936320847 289496222
533509782 592984666
418745573 404351455
571715067 125333595
886152208 713773329
384540971 369124245
662586044 823995538
729218941 202830775
160684680 1008334649
894513192 1036238774
1032670475 122767873
824722161 1004745663
823665443 329066374
529293924 866476412
838899797 607871571
182816920 387446702
414966592 519043841
1063241614 298581515
652538908 389423903
266741272 116214392
224590415 676553203
663183952 762049675
1014305286 918235142
594037412 1048009827
949193457 581496449
642559597 583969225
67979512 888917849
206280471 564394154
563007511 704664398
487148254 307083224
191405112 247726773
526393875 404033311
730035749 614077976
642303992 23622062
512460428 275870626
547557414 988205512
554039310 575796828
701110664 560609993
382798174 731499576
506529765 801105535
101417079 875792370
892415221 90714826
933134295 550130618
675744270 14298261
615763670 1003192754
164176732 330085655
894612993 328959801
742010281 419599982
373203089 563625997
189247414 989277308
286573543 1008936499
484360230 1004443428
681123360 1003223989
420616437 709278409
876031158 262091570
963070336 504734759
838847533 845362230
454320161 976630900
670286298 721709166
743699544 642599641
658604208 459394715
751503999 557838390
710199842 82485355
647682586 523655733
507501589 567896075
347082667 814738096
925887710 824291995
130134811 1010409575
223987288 204168297
466316216 895139333
606560510 252265470
305228472 94551155
293367844 566821112
548918614 855633279
683008051 345377725
463214456 242713553
262625273 109351669
721164267 1015940397
391765518 180292563
467523369 1031437326
599774020 559241787
254382519 9375106
721716005 1021132197
827395846 874965099
1033935750 239173602
566253044 542364407
469822506 324547237
673091535 969206655
241295215 787486945
107574003 742687144
832056595 315238644
178396655 100941015
988174337 724952232
447208511 420287736
969316406 60167165
999021977 366736019
768205231 448741319
246446269 902568750
912705900 448403738
385295082 515759881
433985917 583649930
883545290 431639832
658961707 460914739
373237255 930873956
124878367 246432666
639891547 672233894
581761965 306518106
854203199 730763332
565024028 266016414
422109472 726222223
702398477 1009193073
127086378 616106334
644387817 561520345
433463456 621821678
357319525 715867077
843835079 677177627
433523984 103554506
452992605 112706787
337970163 993000113
41771938 286811964
815407431 968910288
804224497 370754357
217718835 155131708
81923051 849333618
95859867 1050622147
47786286 223035885
828685827 510518715
180360863 890233097
655501188 650205851
1061256769 130861307
209728964 118286703
371030946 776462461
169939983 427776013
755704271 236820435
1010008436 566443304
590727137 321492257
327454457 596181290
545387797 151630094
525168599 956231649
403330420 133036221
123890895 336959487
759345164 406764044
243800972 938837347
896886714 504164142
894765841 170865464
896507778 873574031
882386489 431940323
968403834 797348870
31399245 516674749
1009977153 682322016
159135649 132460452
990878472 44866605
274726470 204911699
304064555 421690092
391200970 1049897365
425608797 920275837
60097804 287063613
59763291 324592357
50332441 929197556
10813244 702119527
264527394 358303193
615787333 298060260
422075255 276772330
309422419 251873171
817752221 143518788
747679702 378904068
398381419 618596141
722824791 343581050
1055823680 235715318
129743508 336313735
383838783 315742370
402429479 808432652
433247650 268333670
624707006 402585204
259309597 20785912
923288297 95039055
723808586 47647912
997843308 756324917
205020464 277124430
460017967 115946492
623937231 1014526987
549336496 441181499
301292229 184239567
990747666 1039621922
265417466 100101564
307800242 434928284
1033716840 428406353
269477204 304174533
983353317 1020737638
654616791 187478961
992165641 1006425337
77111681 453866366
1071072795 811491023
750983898 104219579
234320918 156819674
732047375 759367451
720165303 695680637
401042416 411021181
739819679 187710098
940754809 1056941119
236428166 928957007
816367591 130095330
650193015 537061612
334970215 294193410
504157734 825479461
370668359 203087511
130125135 860983682
742920904 846862224
126422822 474607737
954878319 1045729200
682699226 116630872
976378869 702112715
564663333 284269315
505044665 1030402886
421875949 688513
158096591 85447915
554011637 188271449
149866134 250733589
724955293 716964798
867078369 610655004
45255607 318126733
495418801 941998112
832788833 850334491
66688894 1058912541
186429437 239194830
547518479 30026831
553765167 588553361
820085731 1028743654
739457517 592238088
785896236 123038734
492780192 534217639
463933782 131754561
774287449 173815941
488516639 438930670
132642829 845022992
41368388 228232814
347047145 376942474
771201463 603170374
471757489 924260687
381270374 871058369
551042355 187692026
574081691 261582033
441114055 903753039
753328092 965414469
387424223 263108854
702793581 375233104
483855786 907015948
32334672 1051095641
999777733 856872571
423352550 527149351
140188409 804954157
448823571 703339089
487845648 65742852
126882298 702243843
170871218 405008552
221711170 32086037
986807386 879927078
554696181 1041811824
258454611 632286045
234084578 188738243
424897486 654314039
978711195 561824646
103693054 604135099
765467135 260968527
848427595 166465255
469665356 1063990139
360658579 411429215
5246928 507521824
427493501 536860901
103590429 764072272
56455125 139653808
1014671572 532790195
630875139 844037244
392882175 486367079
1067571847 910235524
863797493 887189050
181802125 841944372
267011291 818852393
966497421 146639550
472827300 394591292
574303484 97478770
430917299 304155555
147106061 663808494
11173371 119251508
468164738 398701593
265133761 887966504
81794956 210699761
987805406 982362421
388864960 161714471
845346715 343765231
803577619 922427279
138416922 448234627
891085293 464650840
177301325 1024980405
204459337 809179167
456146819 734987065
581873131 927925959
961152381 10647130
594596248 423892518
834390808 157357544
316708720 264628360
88614282 911356805
520262730 184229364
458285858 803645493
773520421 1020968784
942519468 567338306
540447146 815013447
1007776592 4132472
458190015 206153485
943799316 344744610
123336997 701100265
45820380 883853154
944479785 188361358
199100172 204971353
171085927 865718097
784326569 609178006
432889499 913924637
355921175 1003712865
516479616 284998469
783737954 825480525
15994561 404571680
412893202 283494555
358875902 837376886
199208603 382231028
448536279 453227965
84237905 617976427
78384401 632867876
100560883 22216656
390139848 141537651
1043228866 582094682
620152492 1054401464
862653743 616551831
831682644 970410434
288005389 1006366902
601096096 814115693
733674079 809017879
502828584 147112387
131847089 324455475
385713344 471452647
939424508 1029032401
60076805 813524433
1028629031 173630346
98524929 977317338
974767624 889682077
660243931 686855711
613589250 537083927
50124441 223284902
894602796 430266182
23984109 4293984
622482956 128852606
42383900 346179830
481979869 887313709
453174764 537799523
58081898 346146373
25651619 232821092
145667958 297403881
166376733 1030089652
42505400 79722872
689513959 800024343
859187550 765530851
671904884 775057468
18284332 487786571
590029663 843806820
462751267 701120764
1311160 77936610
286536119 759856306
308928871 758938473
872419484 1012632105
364163742 554457384
563247135 731787785
217007449 237992630
15133706 855034644
787218927 608237775
299891749 817675441
426703283 869406180
400449591 53314748
348176548 280097908
601697188 735454639
10719537 140064316
885195157 718221844
621497094 903692594
86885039 823523917
147910130 304985938
641514847 22065574
65225169 970620478
175438258 154382267
658533524 369722279
526109115 349913903
39798607 912866190
1029527441 655350445
464212825 346006859
177699285 14784834
694370430 717583474
96249803 547666685
60294465 649710201
185038340 426344168
38378027 961855033
1068799127 987798345
1069447471 1032175161
725604328 227053884
876876310 135178958
1010853125 72385685
60323078 429741314
231254666 81956114
476087310 609410905
925916958 550618600
391253194 572738902
163139194 927445136
657341203 1051680479
1025723907 147902448
912188865 639607908
915423731 316780753
638600824 820611298
228502545 418112672
151567760 1024843434
82824441 883803015
525947648 141315074
955642106 589306575
1029420384 815776913
511185273 5389464
794658813 17697946
255951853 16201178
1004855544 396825359
629604199 128860094
968288374 938524517
758501806 779931969
516397538 346595400
238464227 802293290
621328447 604944407
221972158 940662860
767432328 993752109
746754644 408827936
681469216 299281412
1052110196 25264549
799655253 1038505244
940321419 999873178
307393520 956917949
50491425 588785406
577235926 740182143
747075296 148263143
473559480 131841710
254820143 162664618
464456151 957908846
375908183 539292236
748742866 741285825
321002305 824778054
969506952 1055549262
100017851 360297376
804542985 998470143
708854611 884862288
554827159 910276207
260524737 988570867
591804856 471111210
1065256667 259414733
187050581 701500594
773711909 618791718
522711276 1030103652
906394598 1052198118
651435730 89362465
239962832 676568466
1034412675 72339660
291920187 196095882
869734658 49786261
969478640 984633251
323908684 242033179
599061627 209663755
596113367 647513428
278163485 472436348
570891302 446870604
900424766 876861379
397802087 759286705
862080890 277023379
770830627 943443250
742704695 161941934
451691269 404282794
993401296 535061845
791298212 468883743
553953616 363802640
561553000 77842830
351462580 676395714
10397564 570793348
898931661 285629711
144182985 423660436
336576930 837713680
589770510 374136716
553213292 69822808
557685502 727826053
238678559 996749386
890629744 387006144
204486018 927358909
502784417 771555412
306020314 287923184
428781447 221807527
227863840 820034771
931786797 694504129
253540555 962066583
939661354 69771875
771812651 513933974
165404189 983285754
80678737 268489609
993580865 630501717
539230342 437067783
184003597 519138106
514842199 435212900
141252068 20321210
841431595 186330315
265742042 564426088
540381551 440322237
166882430 373577804
54165325 890763469
383094466 468929977
387559669 364732860
506305513 206457827
708654455 1046802395
95339142 485508687
313152045 686071232
38488721 719765521
-1 -1
