20
24576 30148 1171 1922 740 19787 13047 34 74 34 11
1078 5052 143 146 1000000 857 568 15 20 2 7
39843 39881 20522 20114 3 11897 5279 74 89 96 58
35510 11125 1346 1407 395 35248 9485 18 91 26 9
4886 4367 95 87 1000000 3493 4363 2 66 19 64
39527 38179 294 327 1000000 12899 20050 56 52 99 46
37637 35252 131 4 1326 1844 2265 72 38 3 79
39078 39880 20882 20735 3 22243 24336 53 36 6 40
16 18 5 1 5 10 8 21 27 29 87
38095 39579 180 6 1507 11485 32227 86 32 39 26
20133 29990 1305 1623 603 7664 19517 81 90 36 9
36402 39273 278 35 1000000 11371 25106 51 98 33 54
36478 39536 170 1 1442 22516 31242 4 70 37 6
8497 2343 94 193 1000000 5999 1852 70 15 92 16
4 4 1 1 3 1 1 2 2 2 2
6 10 3 2 2 0 0 5 4 3 2
4 4 2 2 1 0 2 1 2 3 4
4718 7077 134 115 1000000 3964 4597 7 20 29 77
1163 9027 94 86 1000000 1054 6993 92 90 59 19
490 844 318 332 275 241 434 79 99 34 80
