100
0 1 255 100
198 246 39 157 205 65 38 179 24 138 29 28 54 148 107 8 100 48 11 20 91 193 126 147 167 226 170 5 25 74 111 79 139 18 100 65 68 62 160 3 196 166 111 181 86 98 22 195 33 35 40 177 67 23 156 108 108 74 169 143 101 114 49 86 154 245 166 27 74 32 198 184 125 252 193 117 240 225 58 9 79 185 145 244 100 63 84 143 119 251 99 123 56 194 221 185 50 126 140 74
1 0 1 100
170 86 3 77 129 112 185 118 254 66 179 205 38 138 196 132 72 62 182 7 30 240 132 217 7 81 88 36 141 25 195 111 126 149 251 43 9 132 176 167 102 192 197 86 163 238 204 113 122 10 43 24 59 24 183 104 88 196 20 202 181 25 246 68 162 47 242 56 66 52 204 217 210 245 156 199 49 134 226 8 13 248 49 69 167 228 131 93 45 226 13 177 242 235 246 108 31 247 167 51
1 0 0 50
17 17 17 17 17 17 17 17 17 17 17 17 17 17 17 17 17 17 17 17 17 17 17 17 17 17 17 17 17 17 17 17 17 17 17 17 17 17 17 17 17 17 17 17 17 17 17 17 17 17
2 0 0 65
161 161 72 39 80 202 138 40 111 67 240 181 71 75 108 66 253 153 126 128 71 203 34 5 80 64 254 39 87 197 123 155 127 235 171 156 54 12 129 92 219 212 229 153 135 161 222 69 78 219 220 250 254 167 111 99 47 105 110 75 4 126 8 144 157
2 0 0 68
120 222 48 93 214 2 67 91 163 50 4 139 176 104 130 15 48 40 209 66 146 181 169 11 113 189 89 70 68 33 46 64 37 202 104 54 43 222 215 163 74 11 151 25 153 77 129 130 233 188 36 9 130 182 76 105 19 53 179 32 74 120 247 190 147 100 12 215
2 0 0 55
48 139 185 36 126 140 250 144 16 175 221 201 181 117 4 206 84 87 172 1 138 179 255 54 192 178 145 137 107 49 213 117 0 72 148 157 2 97 22 92 151 50 48 195 81 22 238 22 26 24 183 118 211 129 170
1 0 0 91
0 1 2 3 4 5 6 7 8 9 0 1 2 3 4 5 6 7 8 9 0 1 2 3 4 5 6 7 8 9 0 1 2 3 4 5 6 7 8 9 0 1 2 3 4 5 6 7 8 9 0 1 2 3 4 5 6 7 8 9 0 1 2 3 4 5 6 7 8 9 0 1 2 3 4 5 6 7 8 9 0 1 2 3 4 5 6 7 8 9 0
1 0 0 60
14 12 13 13 12 14 14 14 12 14 13 13 13 12 12 12 14 13 14 14 13 13 13 14 13 12 12 12 12 12 12 13 13 12 14 14 12 12 14 13 14 14 13 12 12 12 14 12 12 14 14 13 13 12 13 13 14 13 14 13
1 0 0 80
104 108 100 106 105 108 107 100 107 108 105 104 106 105 104 108 107 103 104 102 105 105 108 103 101 105 101 104 105 105 108 106 108 104 101 106 103 104 105 106 106 102 100 102 102 106 103 102 101 106 108 105 101 104 102 108 101 104 107 101 102 104 107 101 101 105 103 106 104 108 108 104 100 101 106 108 100 107 108 107
255 0 0 10
230 84 48 37 213 144 81 248 63 160
255 0 0 9
106 177 151 107 176 232 211 239 15
255 0 0 9
104 75 188 201 128 198 134 18 239
255 0 0 10
130 46 1 168 0 74 173 151 211 76
255 0 0 8
4 8 138 66 221 249 4 221
255 0 0 10
101 152 221 43 16 74 163 109 134 171
255 255 255 49
255 0 255 0 255 0 255 0 255 0 255 0 255 0 255 0 255 0 255 0 255 0 255 0 255 0 255 0 255 0 255 0 255 0 255 0 255 0 255 0 255 0 255 0 255 0 255 0 255
2 2 254 49
255 0 255 0 255 0 255 0 255 0 255 0 255 0 255 0 255 0 255 0 255 0 255 0 255 0 255 0 255 0 255 0 255 0 255 0 255 0 255 0 255 0 255 0 255 0 255 0 255
255 1 3 49
255 0 255 0 255 0 255 0 255 0 255 0 255 0 255 0 255 0 255 0 255 0 255 0 255 0 255 0 255 0 255 0 255 0 255 0 255 0 255 0 255 0 255 0 255 0 255 0 255
255 1 1 49
255 0 255 0 255 0 255 0 255 0 255 0 255 0 255 0 255 0 255 0 255 0 255 0 255 0 255 0 255 0 255 0 255 0 255 0 255 0 255 0 255 0 255 0 255 0 255 0 255
50 1 1 99
50 100 100 100 100 100 100 100 100 100 100 100 100 100 100 100 100 100 100 100 100 100 100 100 100 100 100 100 100 100 100 100 100 100 100 100 100 100 100 100 100 100 100 100 100 100 100 100 100 100 100 100 100 100 100 100 100 100 100 100 100 100 100 100 100 100 100 100 100 100 100 100 100 100 100 100 100 100 100 100 100 100 100 100 100 100 100 100 100 100 100 100 100 100 100 100 100 100 100
48 1 1 99
50 100 100 100 100 100 100 100 100 100 100 100 100 100 100 100 100 100 100 100 100 100 100 100 100 100 100 100 100 100 100 100 100 100 100 100 100 100 100 100 100 100 100 100 100 100 100 100 100 100 100 100 100 100 100 100 100 100 100 100 100 100 100 100 100 100 100 100 100 100 100 100 100 100 100 100 100 100 100 100 100 100 100 100 100 100 100 100 100 100 100 100 100 100 100 100 100 100 100
50 1 1 99
100 100 100 100 100 100 100 100 100 100 100 100 100 100 100 100 100 100 100 100 100 100 100 100 100 100 100 100 100 100 100 100 100 100 100 100 100 100 100 50 100 100 100 100 100 100 100 100 100 100 100 100 100 100 100 100 100 100 100 100 100 100 100 100 100 100 100 100 100 100 100 100 100 100 100 100 100 100 100 100 100 100 100 100 100 100 100 100 100 100 100 100 100 100 100 100 100 100 100
48 1 1 99
100 100 100 100 100 100 100 100 100 100 100 100 100 100 100 100 100 100 100 100 100 100 100 100 100 100 100 100 100 100 100 100 100 100 100 100 100 100 100 50 100 100 100 100 100 100 100 100 100 100 100 100 100 100 100 100 100 100 100 100 100 100 100 100 100 100 100 100 100 100 100 100 100 100 100 100 100 100 100 100 100 100 100 100 100 100 100 100 100 100 100 100 100 100 100 100 100 100 100
66 3 5 99
42 0 16 17 55 52 0 37 45 4 5 21 15 18 25 30 30 2 11 56 48 21 37 37 41 46 33 44 2 37 26 10 3 51 50 21 7 21 7 51 35 30 9 48 0 22 31 2 9 48 43 20 34 38 53 36 34 9 6 12 33 19 3 21 24 43 53 22 37 8 22 25 30 8 4 9 17 18 39 41 6 1 44 26 57 42 34 13 54 39 1 47 46 21 15 3 49 52 13
255 10 7 100
245 47 118 23 121 110 247 207 245 212 138 84 9 33 246 117 26 11 158 32 166 111 37 146 231 181 27 73 181 114 122 99 212 134 78 181 139 114 113 81 210 6 153 189 240 102 123 175 232 122 137 108 94 206 112 183 16 98 87 1 204 28 155 149 237 154 26 228 99 49 160 88 96 48 222 14 191 75 91 139 176 207 14 60 162 120 149 210 241 111 90 240 137 153 166 68 139 160 122 107
121 30 19 100
13 85 164 146 5 65 193 8 147 62 148 158 103 130 141 99 97 111 29 212 109 207 36 72 70 197 75 110 213 117 213 89 167 196 30 70 186 203 210 26 54 97 35 44 47 191 14 15 87 95 22 165 3 152 181 217 92 163 18 215 133 35 174 128 35 49 0 214 137 137 87 23 129 122 187 52 20 131 67 68 204 179 198 192 61 190 196 218 169 41 58 10 193 19 17 31 50 8 205 165
116 62 36 100
41 52 70 57 12 26 60 54 64 12 71 50 38 5 43 73 49 13 60 53 26 17 61 3 72 38 63 6 24 14 12 32 28 29 1 16 27 17 64 58 34 50 49 3 75 8 42 68 60 39 25 41 71 16 29 65 19 40 21 15 21 70 55 73 9 61 56 2 35 72 56 74 69 0 48 7 71 61 7 58 6 25 25 31 28 58 59 9 29 22 22 52 75 68 56 31 56 60 40 35
255 16 31 99
133 139 159 6 7 58 100 52 89 169 189 152 83 92 160 132 150 129 164 151 148 173 131 28 93 40 192 148 16 162 60 119 100 80 184 173 114 181 76 56 58 28 80 132 94 55 66 116 130 62 72 33 100 78 60 29 140 178 98 170 69 182 164 104 79 43 87 55 59 78 79 60 94 46 95 73 158 28 4 182 48 3 67 159 185 33 60 54 92 141 17 53 163 101 31 132 0 129 113
44 15 8 99
56 36 44 19 62 48 21 55 42 23 40 14 0 2 56 42 23 16 59 33 69 15 41 24 31 39 2 66 67 68 31 49 8 31 41 48 6 10 65 46 46 40 24 61 28 71 35 24 8 8 6 6 52 44 22 44 9 26 27 17 47 47 55 5 20 69 33 42 52 50 10 19 50 52 26 11 15 15 52 59 40 27 48 18 1 37 2 50 26 36 39 15 59 37 41 49 58 52 30
71 20 15 99
63 57 91 65 41 38 13 71 52 40 25 92 76 102 0 28 73 64 7 76 58 91 95 16 10 84 0 33 27 60 14 78 8 45 46 6 50 8 53 110 65 67 74 34 100 83 85 83 7 57 56 39 77 9 77 75 3 9 66 58 71 9 17 88 19 83 46 99 15 8 33 64 29 72 77 61 103 36 89 88 88 47 103 25 55 15 80 47 62 48 62 6 103 64 38 54 54 27 13
255 53 32 100
92 36 125 69 115 114 85 9 95 27 28 46 99 44 146 112 72 99 51 120 57 153 46 139 151 26 127 149 38 104 134 129 63 115 119 83 135 5 135 125 55 59 91 60 22 0 26 58 92 34 106 51 88 81 123 97 110 64 60 93 144 117 3 75 25 21 83 52 96 20 101 50 34 40 127 34 131 76 40 5 2 55 109 11 141 153 44 62 59 40 126 131 147 43 77 91 45 36 56 41
186 24 25 99
82 18 82 76 30 80 61 9 47 109 79 12 106 80 59 96 104 123 113 106 44 3 8 90 50 15 12 48 26 18 101 128 62 102 4 67 54 88 106 16 54 119 0 36 11 98 10 31 34 19 82 6 8 30 97 105 19 72 94 68 92 86 92 93 48 31 120 52 112 94 105 12 32 50 98 41 98 64 29 112 6 125 12 12 17 78 15 2 16 32 42 86 57 80 107 15 1 26 82
255 166 85 100
49 29 133 166 168 160 219 164 49 169 232 106 125 47 148 30 203 18 212 140 155 190 46 117 20 109 191 128 102 157 123 236 220 120 90 151 41 56 91 17 10 28 180 239 199 119 18 205 167 34 124 181 203 113 221 78 174 72 23 46 18 111 205 79 14 164 71 146 236 136 152 54 180 98 104 231 79 233 221 56 111 52 99 121 135 78 124 91 46 103 236 51 44 105 69 72 12 144 200 8
28 7 8 100
20 16 19 15 35 19 27 16 35 10 21 3 17 35 41 3 33 26 15 33 7 4 25 2 14 19 10 36 37 2 5 2 28 27 34 30 35 33 6 11 39 15 14 33 4 18 40 1 18 14 22 1 1 16 18 4 32 38 34 30 8 34 5 8 33 32 8 15 40 33 4 22 28 30 16 30 36 8 5 2 27 7 39 41 19 10 33 31 26 24 0 36 40 25 6 30 15 30 0 36
33 6 3 100
12 12 12 16 19 13 2 10 19 2 5 1 17 12 16 16 4 11 9 20 13 1 14 6 12 13 20 20 16 15 2 1 19 21 13 12 12 0 21 1 17 17 5 10 11 15 15 9 15 19 9 13 21 14 18 7 10 12 4 6 18 20 8 16 3 13 9 17 4 6 8 15 18 16 6 4 0 20 1 11 9 20 2 5 2 19 10 17 4 15 11 20 13 11 9 17 19 9 10 6
41 3 6 99
0 12 23 0 1 12 14 2 17 23 8 3 21 24 15 3 21 15 10 0 18 4 5 26 7 0 23 9 5 6 11 9 9 13 21 10 26 7 25 14 16 11 17 20 6 5 5 10 20 17 16 1 9 0 4 19 24 3 26 15 4 5 26 14 16 1 21 13 1 5 5 1 10 2 0 19 17 8 12 23 13 21 25 1 10 3 6 0 12 10 10 3 7 16 11 5 13 26 11
162 55 90 100
43 12 13 51 34 56 142 46 123 4 35 55 161 108 39 13 59 143 105 134 53 11 132 140 63 112 10 125 5 60 120 101 152 72 142 32 120 6 92 62 164 37 33 37 54 152 135 8 124 68 110 158 17 159 126 50 88 125 117 107 103 169 23 55 81 93 98 170 47 19 157 72 140 47 27 89 73 22 15 105 139 78 138 57 12 6 65 101 100 156 103 76 162 33 133 160 60 57 113 147
226 42 39 100
43 67 145 71 58 170 54 143 21 107 77 88 23 181 116 18 42 65 88 15 65 204 145 57 190 146 130 2 15 156 95 199 135 200 152 103 99 134 89 83 178 184 112 13 173 174 199 172 10 15 77 175 3 140 202 175 77 64 116 144 56 90 3 20 104 44 167 111 63 92 14 112 61 185 106 79 190 62 23 5 161 150 141 174 85 123 180 201 177 11 34 35 154 74 158 141 139 49 81 188
167 161 88 100
143 178 47 72 140 158 68 25 64 132 14 101 110 57 104 81 147 136 17 140 18 78 11 101 51 160 41 22 80 18 119 49 166 0 18 131 53 101 15 52 150 114 42 1 105 115 72 163 176 6 75 170 62 170 114 121 163 95 52 97 101 58 89 161 131 15 154 92 164 57 142 115 36 53 150 108 1 50 30 136 29 100 27 105 13 89 141 70 38 0 120 134 36 165 11 130 20 92 85 170
77 32 26 100
121 68 99 147 103 108 131 31 69 106 30 74 127 150 177 157 49 168 108 119 80 6 96 103 128 15 133 150 5 111 16 102 90 181 118 60 167 72 14 129 159 139 181 168 152 140 191 17 169 35 88 97 146 43 165 98 190 176 81 135 132 78 13 33 25 22 93 11 184 52 15 30 122 178 84 34 137 119 7 130 68 167 123 14 40 57 146 162 139 54 16 105 159 46 74 56 146 105 43 119
161 20 17 100
44 102 128 180 43 95 9 187 69 192 61 75 64 186 4 51 123 1 156 20 104 209 188 222 129 150 36 54 215 113 51 148 70 187 65 15 109 183 175 177 137 131 141 198 214 88 150 102 86 105 143 209 197 104 212 126 24 81 82 212 53 72 136 96 167 8 93 150 38 166 180 71 126 135 208 53 98 58 103 180 139 59 208 98 55 147 154 199 78 140 206 50 177 81 30 143 37 179 127 128
195 5 4 100
89 0 60 5 95 13 80 47 108 79 26 13 76 112 97 15 32 58 34 45 61 68 30 108 36 55 9 56 97 7 2 26 39 31 38 39 60 9 59 103 12 108 72 5 46 94 103 77 38 105 63 25 51 45 31 38 13 93 66 59 6 107 84 0 13 77 75 77 111 58 75 75 81 15 87 112 31 2 55 59 86 52 78 18 94 25 113 21 52 67 95 115 16 16 24 34 14 66 100 83
171 33 23 100
61 65 28 115 13 17 137 33 82 71 69 177 101 99 61 48 75 151 86 121 70 102 59 162 162 56 84 101 37 43 72 48 149 115 12 137 14 133 157 23 33 97 115 25 48 95 18 132 171 9 150 142 118 100 53 84 19 64 101 35 6 171 117 150 43 100 18 140 84 110 60 24 152 61 82 95 34 141 115 43 169 75 8 172 27 154 78 45 124 144 24 96 153 85 170 167 115 154 130 85
249 10 17 99
167 20 61 51 148 176 36 16 158 101 181 184 174 58 15 105 133 57 109 37 41 129 129 102 169 45 71 33 165 184 213 158 41 207 195 20 196 51 154 76 221 153 41 91 54 28 175 39 224 14 61 90 75 206 221 62 157 145 143 197 140 214 93 156 62 0 42 34 183 185 111 98 66 98 36 90 136 139 152 217 182 5 77 210 8 2 199 72 57 59 99 92 146 109 197 116 200 169 81
26 0 1 99
20 10 63 31 44 19 47 45 2 30 58 31 29 22 39 11 29 65 59 21 18 41 37 10 17 27 72 69 76 74 12 47 39 33 51 80 41 22 35 2 32 35 3 46 33 6 67 52 63 18 68 74 71 3 62 11 30 33 10 18 9 45 16 47 6 32 23 74 2 3 31 35 2 36 30 72 0 59 21 19 55 77 69 58 65 21 71 20 6 72 78 47 44 16 19 38 2 59 27
75 8 17 100
54 26 71 9 2 22 33 75 72 32 77 5 8 24 75 45 40 76 17 63 41 79 34 66 76 38 62 73 12 68 0 50 23 5 14 42 36 14 23 60 28 59 66 32 19 19 15 6 32 65 9 78 57 0 25 0 9 70 36 6 66 61 37 22 28 45 55 7 5 13 75 13 70 6 45 69 47 49 11 4 46 6 71 14 43 25 28 71 27 73 34 67 73 5 30 0 61 22 74 3
53 33 31 99
12 51 46 16 0 11 56 46 38 20 6 44 27 59 7 20 1 13 32 15 57 20 5 19 14 9 48 16 37 15 27 32 58 6 20 59 50 26 59 20 43 50 30 34 44 9 41 60 13 15 19 23 24 29 12 14 20 28 34 58 48 38 22 58 19 28 37 44 51 53 23 31 23 14 4 17 12 51 7 46 13 33 60 54 17 11 56 46 26 21 26 12 29 57 59 27 49 28 53
45 0 0 100
4 17 13 26 0 10 3 11 27 4 8 22 16 23 3 1 21 3 6 0 23 33 30 17 12 17 9 21 29 27 30 33 11 5 21 2 1 29 32 20 16 1 4 10 10 21 0 0 1 3 22 5 16 18 16 13 30 33 15 25 33 16 29 14 20 5 31 22 10 24 29 21 15 30 25 24 28 10 3 15 3 19 29 7 32 35 25 25 33 5 23 5 13 9 17 33 19 13 8 4
119 2 2 99
91 101 8 67 76 106 85 75 21 46 94 51 15 94 44 20 41 69 3 45 78 106 13 13 40 1 32 59 106 83 54 41 93 109 34 104 105 67 3 28 40 86 85 42 41 34 54 102 66 105 22 109 72 55 88 105 90 15 28 63 85 29 51 0 100 65 1 78 48 21 33 29 16 2 59 100 10 63 54 21 2 32 67 20 13 65 64 34 109 47 47 12 31 62 58 46 109 31 47
189 5 6 99
59 71 78 53 30 21 82 60 18 22 94 69 7 37 20 9 31 26 93 22 77 61 18 8 6 4 81 12 42 95 77 15 92 97 30 70 21 33 62 79 49 34 64 18 58 99 53 10 81 61 6 7 77 10 36 85 97 15 24 72 65 21 17 39 54 88 20 56 23 37 62 95 99 64 88 93 77 60 9 51 64 33 40 83 20 25 74 22 49 53 3 93 4 13 56 32 8 92 3
115 19 18 100
121 51 141 65 128 3 100 90 63 89 116 68 81 126 157 143 64 82 12 152 7 48 147 53 5 14 87 155 0 71 30 106 158 88 113 89 28 159 107 80 96 53 70 54 139 85 84 137 117 3 44 88 134 117 30 68 130 85 57 95 89 1 45 152 90 89 51 6 35 41 88 29 92 155 75 157 130 30 19 68 93 103 87 8 77 115 161 1 83 153 98 2 48 147 47 162 122 82 124 96
127 18 29 99
210 175 161 115 17 64 43 118 206 17 37 12 156 136 114 8 139 155 198 203 98 107 67 141 129 8 175 54 86 20 193 5 149 159 61 33 22 71 206 64 76 124 56 101 116 164 153 71 20 117 43 52 28 120 77 178 41 82 12 174 76 150 40 122 85 35 163 110 100 76 125 178 148 153 48 103 105 191 0 94 63 87 170 125 119 2 41 129 174 135 170 108 189 175 9 7 39 39 5
90 15 25 99
35 30 44 36 5 22 9 46 28 14 37 33 25 37 19 43 42 4 39 19 27 3 4 26 43 44 6 20 34 16 36 10 36 33 6 1 20 35 3 28 18 6 37 18 15 41 2 20 16 4 42 32 23 13 37 41 15 28 43 40 37 35 8 1 32 34 18 1 6 33 31 19 34 45 17 23 12 34 22 44 46 39 38 46 36 17 17 6 24 4 32 21 17 38 29 29 32 30 1
166 15 10 99
63 21 108 28 12 147 14 124 57 12 112 115 29 115 148 13 141 129 79 81 115 40 55 112 117 151 55 130 93 124 29 85 142 26 115 113 64 51 128 53 19 98 147 6 147 149 134 85 29 54 40 99 30 120 146 22 141 96 48 16 87 70 72 43 53 59 146 43 152 40 113 67 45 31 119 68 2 119 100 41 86 33 38 29 115 96 128 123 97 17 65 121 72 137 35 132 117 44 76
148 0 0 99
41 41 27 71 101 12 117 121 83 138 92 86 73 113 79 39 139 143 3 108 132 31 51 136 47 119 42 95 124 136 119 95 105 18 64 40 89 61 69 142 7 88 41 140 8 114 138 32 7 33 113 137 114 54 78 114 122 7 43 140 34 44 61 27 21 44 71 63 22 23 58 58 143 111 102 41 42 20 26 41 49 109 43 118 133 97 57 106 68 123 100 117 0 43 24 3 35 3 20
192 90 71 99
206 14 42 93 192 150 168 162 190 105 162 184 152 121 107 128 28 20 61 80 105 88 82 6 33 28 91 61 53 8 159 3 34 17 36 157 17 7 9 85 163 172 71 12 126 108 130 134 16 59 178 106 138 60 113 1 69 142 132 201 123 52 51 132 151 85 174 176 185 75 193 47 211 93 30 24 141 68 212 116 160 62 72 15 178 169 53 18 73 49 18 88 120 211 107 5 43 90 92
154 115 61 99
0 38 4 57 87 87 21 69 52 8 61 30 18 11 76 61 35 44 86 67 61 85 45 16 60 71 59 69 34 59 53 80 20 81 21 20 50 50 69 12 25 79 49 35 25 25 15 48 21 88 13 31 11 70 16 26 61 10 13 4 45 32 41 72 51 14 4 28 47 63 60 28 65 36 10 59 33 65 78 26 9 57 45 77 62 4 23 18 68 80 33 1 41 25 15 47 51 62 83
81 31 34 99
51 53 12 31 60 1 33 29 12 13 44 16 7 63 3 54 5 23 54 61 34 49 18 44 13 59 14 30 38 9 18 57 36 3 37 56 19 48 37 43 33 41 17 18 29 51 21 60 14 33 3 56 22 6 9 38 3 27 61 19 63 23 59 45 28 60 58 29 2 15 40 17 62 28 37 62 53 38 1 63 34 2 5 52 55 40 28 62 25 58 63 12 36 49 45 17 44 54 35
149 166 129 100
133 101 234 141 25 213 206 18 105 62 248 144 175 165 77 220 88 97 220 99 208 216 182 186 166 39 125 101 170 95 123 40 227 168 178 189 69 250 132 127 135 60 201 103 141 92 71 44 7 27 212 242 239 19 209 153 195 217 137 136 41 175 91 1 101 30 158 199 218 244 24 193 238 124 92 156 223 114 182 7 248 16 221 127 183 49 159 43 107 35 13 213 81 126 4 249 248 196 25 76
37 0 0 100
21 42 4 14 44 12 13 38 30 13 16 6 19 43 17 13 39 19 44 2 17 6 10 5 41 42 39 45 3 42 18 29 14 27 26 7 42 0 13 33 38 45 41 14 20 32 42 10 11 32 35 29 15 26 5 42 36 13 6 40 17 3 33 27 14 24 10 12 5 6 15 22 5 33 45 16 9 15 20 2 45 15 33 6 40 18 30 31 19 36 29 43 16 43 17 31 13 16 33 0
45 51 27 100
30 42 42 42 21 37 79 17 57 5 47 75 39 81 54 50 86 80 47 90 46 63 91 0 20 93 23 60 27 80 8 39 59 68 73 74 82 30 82 20 29 36 77 73 33 16 63 91 78 91 33 90 24 14 2 27 49 8 69 37 7 78 59 39 47 27 52 82 59 29 77 6 35 3 16 29 3 63 10 40 90 6 3 34 34 15 78 11 1 76 66 4 68 56 67 26 36 36 52 70
69 38 48 100
123 108 143 181 163 171 44 168 175 191 18 118 192 35 109 192 47 171 78 113 7 36 121 84 101 112 187 146 53 82 114 71 133 108 134 104 42 133 70 39 33 169 37 81 173 186 43 180 91 113 74 91 129 157 139 184 22 148 91 18 119 163 38 119 90 173 13 191 39 137 10 137 24 105 30 78 98 57 94 93 138 45 163 155 95 189 125 49 99 3 21 81 177 104 126 131 132 111 118 78
36 0 0 99
2 3 61 24 52 49 1 60 23 6 48 8 7 17 19 23 28 22 14 52 15 36 22 8 12 15 3 5 5 37 25 5 27 10 29 42 15 17 17 49 29 26 42 25 0 30 6 29 12 11 49 56 9 7 48 24 20 36 61 47 47 10 53 57 50 58 9 26 49 4 15 61 33 39 62 35 12 43 61 4 56 17 34 12 60 51 28 51 42 20 21 56 22 57 13 42 44 54 7
167 3 4 99
81 22 90 17 73 81 65 13 37 4 48 88 76 1 3 92 30 15 93 63 43 29 84 69 55 104 6 3 95 79 2 108 53 89 3 46 89 49 30 61 106 51 60 45 52 29 100 90 23 99 62 3 51 19 86 104 90 38 39 43 46 58 106 12 82 46 60 47 29 56 0 78 28 89 71 60 85 99 47 89 40 6 95 85 12 34 49 5 30 55 96 13 97 23 33 68 95 47 26
150 65 37 100
145 159 112 104 108 103 5 80 128 105 84 91 147 114 32 175 137 170 40 145 126 5 82 137 106 39 153 37 45 150 104 44 27 63 66 68 93 94 5 20 145 11 59 112 24 93 169 6 9 80 147 147 101 150 24 71 37 145 143 177 143 76 57 82 92 32 58 159 59 20 158 125 43 61 126 149 79 34 21 91 47 103 155 25 92 180 81 89 116 26 70 141 82 59 131 151 94 105 64 18
241 0 1 100
100 81 121 46 40 122 4 82 29 84 86 86 79 34 66 5 59 28 132 108 27 78 3 110 118 35 84 33 85 63 48 35 19 22 72 58 89 116 116 84 69 60 36 36 121 68 78 79 32 110 83 92 53 71 12 61 103 92 45 85 122 49 34 76 130 130 64 124 113 111 39 34 24 128 33 89 115 116 7 131 96 128 23 133 67 93 5 118 100 127 26 102 40 29 60 92 119 61 109 77
67 76 48 100
133 73 95 94 44 102 93 76 17 21 32 25 39 109 81 134 118 64 86 39 12 52 19 83 67 147 123 50 135 7 22 137 22 27 150 121 87 99 149 28 62 76 27 124 23 125 145 85 43 110 49 32 24 140 14 47 86 123 82 63 65 25 25 91 70 127 5 10 28 12 117 81 72 88 114 46 86 95 30 37 139 133 79 34 60 104 45 120 11 130 3 27 71 129 139 100 8 150 134 135
190 84 61 99
29 110 37 113 72 15 74 137 64 25 9 53 46 128 32 17 38 111 77 137 71 97 107 118 43 6 67 56 31 42 94 74 128 76 83 88 75 117 8 70 19 120 51 114 82 14 66 62 41 135 11 92 1 76 78 70 67 57 28 49 75 77 50 4 118 51 12 39 31 108 72 111 105 24 8 40 39 77 15 105 123 11 115 71 0 89 35 74 103 70 127 132 130 16 11 60 80 60 93
138 63 82 100
104 27 23 81 80 68 99 58 87 92 4 38 86 7 65 48 76 5 91 18 94 73 102 57 100 43 94 85 32 66 76 108 46 93 49 34 97 91 64 48 38 76 7 36 64 57 36 78 83 106 105 53 48 38 81 92 59 78 56 43 76 31 38 52 56 73 93 100 38 102 60 54 20 3 24 60 1 27 0 13 70 59 28 50 27 36 89 2 18 104 9 50 96 22 90 72 99 21 8 104
29 55 48 100
50 9 25 59 27 69 17 49 26 44 50 38 14 63 6 24 74 18 20 72 26 53 25 58 0 49 37 34 41 42 38 5 49 25 36 34 66 75 7 55 79 78 57 69 49 44 70 59 24 25 29 8 30 4 68 75 48 71 14 41 73 75 43 28 15 64 5 72 74 5 7 21 77 73 38 6 69 2 20 37 14 29 63 45 35 34 19 10 6 45 6 47 8 3 67 28 63 22 68 31
13 16 31 99
35 13 39 19 39 14 42 15 29 25 2 11 36 14 6 15 36 28 0 24 19 11 21 41 18 22 5 49 36 5 4 18 5 39 24 35 4 19 11 38 21 43 1 38 29 28 15 7 39 22 21 12 47 47 47 15 45 4 48 39 31 1 8 22 22 7 14 16 7 42 3 1 48 32 15 3 21 37 36 10 19 9 14 16 46 11 40 8 39 45 21 36 37 8 47 22 46 12 1
7 2 2 100
3 9 7 3 7 1 10 4 5 7 9 0 4 9 7 7 2 9 6 10 2 5 3 10 5 4 1 8 10 2 1 1 5 8 2 6 4 4 6 10 9 1 10 8 0 2 1 4 10 3 8 2 4 0 5 1 7 6 6 7 4 6 4 0 3 0 1 4 6 5 2 9 5 6 10 4 5 2 8 2 5 4 4 6 7 8 8 2 7 6 4 3 7 6 9 2 7 9 6 0
255 174 171 99
157 28 100 60 137 109 132 14 21 92 34 120 146 216 6 145 175 123 181 9 231 168 139 190 153 90 114 230 86 183 60 19 88 162 235 1 207 220 222 138 208 117 137 11 19 195 153 150 165 61 170 116 236 76 10 19 130 77 217 91 142 126 130 156 240 10 110 90 241 12 83 195 108 186 171 197 16 28 86 212 75 51 227 81 135 142 17 131 229 188 90 20 156 50 223 56 156 206 141
23 0 0 100
10 41 30 9 21 31 6 7 14 10 16 4 32 0 24 10 38 12 24 3 19 30 37 27 25 36 4 16 0 41 26 15 29 26 38 14 44 27 9 14 31 22 34 15 29 45 16 38 39 32 14 26 6 3 33 44 21 40 20 11 38 38 27 36 25 36 13 6 35 11 18 10 14 30 19 2 40 5 26 18 8 19 13 45 14 25 11 6 16 31 36 28 23 30 25 36 15 11 22 2
176 1 2 99
88 62 43 17 76 2 15 24 86 85 59 51 92 33 48 10 47 83 24 87 53 15 25 37 62 20 49 61 98 34 28 82 86 32 66 42 84 84 60 5 78 19 68 20 74 98 30 53 55 13 52 27 63 89 13 0 63 19 14 53 61 54 9 97 85 4 90 31 11 40 42 78 7 44 63 14 45 74 25 63 55 72 11 46 47 8 78 63 87 17 82 41 96 12 95 72 92 98 57
141 6 5 100
45 152 190 190 45 45 44 202 7 1 50 140 17 58 148 92 122 86 27 169 123 165 151 205 213 62 182 102 194 105 12 47 118 111 70 100 75 194 34 63 153 158 93 171 170 126 121 13 24 50 139 5 42 0 46 176 169 37 77 162 203 159 125 22 180 72 136 171 165 175 146 98 118 120 33 110 105 15 200 108 22 162 123 75 170 0 152 145 200 45 212 182 156 172 194 151 117 36 46 122
255 21 24 100
225 198 112 160 143 178 7 179 157 188 190 28 192 96 6 132 14 10 39 175 156 10 78 159 160 85 158 168 117 163 75 59 150 57 121 61 184 23 0 115 204 50 52 122 109 21 188 195 148 88 208 226 60 177 6 127 197 221 171 135 97 65 8 94 213 65 94 129 78 4 208 67 206 175 193 144 28 223 129 83 140 176 14 73 168 101 109 18 113 155 164 175 20 110 28 155 85 74 209 104
255 29 44 99
72 27 103 119 13 80 13 72 125 231 242 15 233 178 172 111 154 162 122 92 134 188 184 205 121 181 228 223 84 63 101 140 113 205 96 16 118 190 40 117 205 92 141 194 100 131 25 193 148 35 56 223 198 132 113 48 79 83 51 165 28 146 227 170 211 127 155 148 116 222 227 206 236 214 231 153 205 128 118 215 10 15 239 235 45 192 14 109 15 8 1 56 64 23 169 44 105 45 241
55 16 8 100
14 9 63 28 3 25 74 12 67 0 83 26 59 8 34 48 32 36 5 60 4 5 58 81 72 79 23 6 72 29 42 82 33 53 37 30 13 2 32 28 25 29 9 68 8 64 53 14 23 71 77 79 11 35 72 38 34 8 22 9 35 72 38 34 43 21 72 29 34 51 47 60 42 77 71 28 63 61 67 42 64 74 39 23 16 39 30 76 39 1 32 48 18 63 52 20 65 65 29 16
84 48 27 100
0 45 5 77 20 30 76 49 114 51 69 10 51 84 62 124 57 79 46 121 45 108 34 150 43 72 25 110 77 148 41 143 47 0 76 129 150 134 79 67 22 88 41 85 75 142 7 8 0 65 62 38 45 42 95 3 28 79 130 128 19 48 90 87 47 37 116 57 122 97 142 154 97 26 111 17 19 6 57 146 111 110 130 144 76 12 139 9 31 21 26 42 49 143 105 12 121 142 119 139
51 14 9 100
6 67 7 46 31 76 40 62 73 62 71 57 20 4 17 70 23 16 60 70 52 73 87 77 79 79 53 8 61 86 12 85 92 5 62 83 38 84 34 34 81 30 17 70 69 56 35 38 6 60 9 1 18 29 88 90 20 84 85 64 69 2 60 22 13 52 68 18 51 81 89 39 38 19 55 61 8 16 83 61 38 73 59 29 52 11 83 39 14 90 16 92 26 72 60 62 67 7 65 30
255 5 10 99
234 106 111 182 155 18 92 144 23 183 214 122 74 13 137 143 4 63 55 111 71 97 65 209 112 174 143 5 115 181 134 53 3 168 76 204 40 157 151 91 229 238 160 12 181 180 126 132 106 211 102 150 223 161 220 27 54 102 96 225 28 185 32 45 199 223 70 92 68 40 107 127 190 119 163 37 176 67 20 207 3 4 160 162 60 25 7 221 162 189 229 193 97 220 107 200 106 78 195
255 2 1 99
55 58 15 51 216 85 143 75 176 75 56 128 54 35 147 32 12 14 18 97 148 245 47 17 69 222 100 193 239 70 68 246 17 230 3 139 80 245 138 213 184 115 164 11 55 201 144 216 158 140 135 44 35 74 50 238 70 203 181 243 226 119 40 230 73 231 112 89 147 61 235 16 44 155 213 114 96 249 65 133 152 136 209 13 53 131 220 244 196 189 228 61 158 244 166 55 113 251 61
162 18 16 100
9 98 151 149 70 25 15 121 15 45 32 90 10 158 39 167 179 161 55 169 19 160 91 121 64 143 25 179 65 153 82 103 146 134 88 147 161 178 99 38 29 98 108 53 87 147 11 175 60 62 166 175 85 136 41 141 148 155 99 156 77 37 177 16 114 7 13 113 154 118 91 12 126 137 126 6 39 110 79 64 48 138 18 16 160 89 20 16 76 103 69 33 92 171 103 160 95 2 88 164
56 3 2 100
26 42 42 19 19 0 39 15 5 20 18 38 35 2 23 18 38 7 32 6 27 40 30 8 10 22 37 32 20 13 1 39 41 41 13 25 8 38 26 2 21 27 1 37 14 31 25 28 42 42 7 16 31 24 29 26 30 2 12 2 43 13 38 34 28 23 6 0 41 11 10 41 22 29 8 2 31 42 20 25 3 6 27 33 31 20 24 2 7 8 32 42 2 15 35 30 27 29 3 34
76 5 11 99
22 16 14 37 15 27 35 11 1 36 23 10 30 35 25 17 20 14 23 27 36 4 19 31 11 26 30 19 35 25 2 26 24 37 30 22 13 32 9 20 8 22 1 0 19 27 25 36 7 19 1 8 9 0 22 21 2 8 8 3 33 18 18 6 6 4 32 34 22 32 9 7 2 11 8 20 19 6 10 16 30 36 4 16 16 37 6 0 23 13 6 22 39 16 31 20 23 36 10
29 8 6 100
3 4 15 3 11 5 6 17 4 4 13 2 7 7 0 0 13 20 11 19 15 0 19 1 0 19 15 2 13 10 17 14 6 7 4 1 3 20 12 7 7 19 1 15 8 4 20 8 1 11 10 6 12 13 6 9 13 9 14 5 15 7 3 0 13 17 19 1 18 13 9 2 6 10 15 13 1 15 12 13 17 17 2 13 3 9 18 11 8 17 11 18 12 7 3 11 20 10 18 14
24 45 29 99
60 62 69 2 36 63 8 46 51 63 9 29 50 42 39 24 31 64 12 33 62 70 6 30 13 39 63 16 11 24 45 38 42 9 17 61 51 11 0 55 23 19 0 6 54 9 34 17 54 60 0 15 68 21 9 22 5 50 55 49 12 37 41 36 24 63 21 8 35 19 28 28 9 35 57 47 63 66 14 26 35 60 23 15 66 65 24 65 0 35 60 28 39 38 20 10 55 34 36
87 15 9 99
118 11 64 39 2 83 1 94 94 113 121 14 126 22 14 65 45 123 41 119 73 9 89 97 102 57 30 27 24 66 32 21 79 111 30 79 114 128 63 120 35 44 11 63 8 78 57 110 17 134 1 103 124 48 118 55 108 88 130 92 1 21 12 115 5 13 62 10 7 94 70 74 38 112 124 138 80 34 138 131 111 78 70 21 38 19 78 23 105 83 48 103 114 89 2 119 11 83 0
39 0 0 100
47 30 8 7 27 20 31 11 40 22 30 16 37 48 17 19 42 27 10 0 37 19 8 29 14 4 45 38 2 36 48 42 26 8 16 27 32 27 21 2 21 22 21 47 40 13 43 13 39 18 36 25 14 17 32 18 20 23 17 10 39 0 46 44 39 16 8 36 1 26 27 47 12 17 21 38 0 21 5 20 23 50 3 22 38 52 45 38 20 23 26 34 31 39 39 11 52 26 49 34
255 6 5 99
48 48 97 163 191 0 99 65 58 11 174 101 88 6 132 156 152 58 61 179 32 65 171 110 158 123 13 7 181 178 7 172 175 89 143 188 116 77 11 21 168 54 10 44 124 86 167 151 43 28 114 23 160 31 0 5 45 73 114 41 27 80 0 131 7 72 59 15 15 143 66 2 19 90 151 100 91 106 44 104 115 118 161 38 78 189 110 34 68 130 118 80 63 73 128 178 21 14 2
255 2 2 100
32 140 76 36 49 31 48 79 162 182 30 6 54 20 135 33 155 76 39 1 140 196 190 100 77 68 41 50 55 97 190 5 31 60 181 151 162 188 139 213 195 215 180 21 86 101 51 132 82 44 24 193 105 108 38 32 164 152 148 33 126 76 156 108 112 60 106 18 215 34 8 134 182 21 129 214 109 171 117 181 16 73 209 89 105 8 108 185 65 7 110 20 34 59 188 196 191 168 120 200
191 33 41 99
107 87 21 140 21 69 0 93 11 4 140 91 46 5 104 93 56 12 2 84 87 136 143 90 139 100 31 76 93 60 109 131 62 47 68 129 72 46 76 54 87 82 81 134 45 130 41 75 129 51 125 142 86 137 67 106 59 40 78 30 142 39 98 88 58 2 84 53 115 115 38 57 27 113 41 92 65 95 75 55 59 2 21 105 111 123 142 123 121 84 73 89 59 14 51 41 86 137 92
208 1 1 100
92 154 14 150 120 145 20 167 134 136 48 123 64 165 116 90 133 122 88 154 27 110 33 97 169 135 77 127 128 87 80 166 31 149 79 21 147 127 126 163 57 67 36 64 20 128 44 43 26 91 46 47 62 76 50 48 76 28 165 2 47 18 164 72 144 81 153 113 116 55 62 87 26 83 135 156 147 31 36 80 78 95 11 16 139 23 108 164 108 50 37 170 133 38 3 18 118 115 47 117
63 7 12 99
14 85 89 77 56 52 125 113 104 26 11 96 17 133 13 85 116 33 84 11 40 39 53 90 107 52 54 109 98 53 54 103 40 53 76 112 110 99 74 67 86 91 94 74 75 100 38 60 101 92 20 61 119 80 115 32 119 66 100 76 16 14 25 82 130 84 26 38 56 53 39 133 1 68 56 65 122 119 69 38 85 105 77 39 94 28 130 14 43 20 37 40 49 88 115 123 13 130 116
72 23 22 100
32 103 186 68 19 125 63 115 139 15 181 113 136 87 112 10 71 116 109 175 173 3 59 110 157 175 171 114 133 129 76 183 107 159 156 94 160 33 51 4 56 123 11 58 136 149 151 140 181 68 185 142 162 119 30 118 145 63 77 112 39 171 168 129 71 111 155 9 70 26 79 11 156 55 119 32 67 129 182 41 15 129 88 160 74 69 23 122 50 0 143 92 67 88 118 150 96 165 22 164
255 84 63 100
44 221 89 156 113 112 10 204 177 116 186 212 177 150 180 247 29 8 167 1 203 232 5 35 211 59 184 151 113 41 189 65 244 127 9 150 69 138 1 51 206 151 60 182 189 77 205 194 227 244 137 10 26 65 49 222 86 109 222 232 154 241 217 85 124 245 101 44 149 51 243 241 168 230 142 68 4 31 25 220 183 147 57 98 61 187 24 147 175 35 222 6 161 149 39 20 168 202 241 241
116 142 75 99
92 40 73 60 71 27 78 71 62 37 13 31 27 48 0 26 62 90 74 22 30 99 34 42 56 34 62 61 3 68 30 3 41 49 4 78 103 66 8 59 54 16 78 70 9 50 64 70 42 2 24 71 77 58 61 101 76 61 7 20 25 61 22 43 93 57 52 104 89 9 81 2 39 72 76 23 37 8 7 6 25 95 80 52 12 35 83 81 23 29 5 69 43 19 13 66 31 69 71
79 5 3 99
57 50 40 31 14 24 29 37 16 23 48 13 3 52 5 32 30 24 17 28 31 45 52 45 10 46 56 27 41 14 50 12 53 5 4 49 17 17 2 18 21 25 50 30 53 14 45 52 36 56 21 48 21 18 54 8 30 35 58 24 47 48 12 44 27 16 3 21 57 57 28 13 12 38 22 52 22 42 59 54 22 52 23 47 0 13 42 17 2 34 46 1 40 37 57 51 19 27 43
255 2 1 100
0 24 60 152 37 17 154 4 107 85 36 160 71 131 155 137 132 153 99 10 18 43 98 7 126 76 124 16 41 154 131 93 126 62 55 140 49 42 133 115 161 22 57 16 132 98 70 67 131 78 31 58 3 53 155 43 6 83 0 149 157 84 128 131 73 35 107 52 4 127 153 90 134 121 118 24 76 112 127 39 46 112 117 90 93 23 65 34 157 162 153 43 73 107 10 67 92 63 145 25
