100
5
1 2 3 4 5
3
3 5 6
2
5 6
2
5 5
15
557753 645845 477607 173285 448 973293 569709 65786 400873 43352 767270 982005 99349 49231 90796
15
27870 510220 778879 194264 189347 708230 981227 940305 638700 921281 354471 912178 595672 546133 208178
3
784457 552724 235357
15
460618 277766 812654 577350 822387 324113 446659 799104 456479 690364 757020 562693 654794 587381 746304
13
839830 344265 543963 599663 160923 279943 331183 361041 557757 666592 275683 274536 638537
6
729985 623911 811452 539103 571220 936337
7
343348 246350 588018 505239 573654 687380 724957
4
143420 443465 572806 805363
5
11380 582214 195401 142294 172333
12
259367 907695 136485 628521 741381 150571 946749 229212 751447 792122 77503 520217
5
4189 7996 8011 6754 2632
5
8863 3531 7142 5165 8351
8
2599 667 9315 3076 5073 6170 6203 13099
6
7790 9607 9635 9059 1557 15164
6
7389 4954 1829 5140 729 1834
13
600 8260 9296 1215 6868 5957 3364 2973 6785 6074 1928 544 328
10
7151 2840 2660 3180 9018 4590 9023 9956 546 9170
9
8209 7105 4660 1493 8843 6298 8289 8255 5758
6
490 888 8448 2879 8112 14109
15
4274 5437 8957 2534 3367 3666 7587 275 8427 5449 4596 3073 3446 2595 6743
10
3166 6495 457 6682 9680 3044 6565 374 8540 6505
15
3310 3546 1343 1367 6126 2346 280 4984 4765 9725 2015 6121 9885 4151 7172
4
6855 8230 2387 4189
3
6498 7043 737
9
8175 3220 4901 3911 513 2994 233 3517 3070
6
7954 154 9721 9216 6907 1162
4
7611 6182 9401 8484
3
7523 9768 15179
3
7757 2041 6580
6
7183 4963 1671 8739 1941 11357
9
3063 9835 6390 5667 9572 4355 6337 6672 5631
10
9412 478 3374 9032 1381 7014 2044 5065 4665 6101
12
3214 1283 1195 1729 7943 1134 6469 3386 5916 6441 2609 245
12
6872 8823 6634 2903 1364 46 5163 9269 711 5641 5979 3385
11
3537 6605 6516 3336 5500 1949 7397 1228 4624 1860 8188
12
3098 7984 8122 1441 9211 3185 7489 4336 1813 4848 2829 7563
4
5873 6382 589 3154
11
6369 1431 998 7508 5932 4757 1259 3105 1600 3718 1649
10
5743 3558 3069 4391 2868 6863 8849 8360 7962 3467
4
1613 2808 8648 11645
2
6425 3001
2
993 8140
13
3539 1096 6485 4953 5311 4834 4245 1253 6759 5191 5665 1135 2915
10
1852 8482 2246 3491 9321 5156 975 4155 1442 1376
11
6125 7783 9284 6518 4359 6730 4935 5129 8672 5481 3122
3
515 8415 8924
3
8850 8551 1013
5
9033 4697 439 3509 15634
12
1356 2497 4028 9242 4117 5435 9870 3967 5330 1922 5800 4198
9
2366 5529 2415 2643 1984 4718 9339 6574 14304
4
6996 4516 6229 4773
4
351 5451 608 5748
4
5852 6963 8935 12040
6
7847 2855 2767 9745 1052 15682
10
6300 3430 3001 9338 1802 3083 4964 6828 3392 13744
14
717 8073 1672 8166 1311 7603 9101 9490 9753 4203 2082 8706 8437 9918
3
1144 3176 2064
9
1085 2104 9049 1821 4316 489 2444 4874 9202
3
3614 8030 4416
8
1044 9220 1295 8011 7368 3669 4389 14828
5
1223 8551 5953 3976 15721
5
552 1730 7044 4013 4291
6
6041 4289 5391 8305 172 12938
3
5524 9708 12408
3
1800 7683 6411
15
8915 3752 8679 9558 1258 2430 3503 821 8562 7504 4351 7616 7830 8240 26
10
1168 8259 8340 3648 4216 7135 8661 2 9785 1614
3
8919 9763 1268
11
9743 1980 4845 4025 5307 1426 1152 2469 461 8029 15995
15
9828 34 663 561 6181 5059 1846 7873 3905 8718 2536 5271 9227 2165 10431
5
6033 1665 6638 7500 5554
10
3016 7018 7761 2505 1615 7818 4761 4432 1460 6530
10
7294 6415 4603 7793 8756 2820 1646 9056 8754 9884
15
7089 3369 6181 7148 5343 4084 1443 9912 1490 7277 2059 4957 2872 713 9540
3
7210 3271 4333
12
441 6268 7192 7328 5671 394 6376 5155 1217 42 8811 9371
8
1269 1256 2109 4246 2372 3656 1950 6180
5
8190 9386 2132 272 12816
3
8539 4152 12643
15
7506 9654 6063 3368 1955 3805 5613 1293 1535 884 9475 4502 3292 2971 3748
13
1724 1075 3912 2507 1107 6535 317 1867 8142 8337 2398 6704 13215
6
135 1163 7666 7682 9713 8717
10
150 1961 9411 1049 6239 1636 4912 9068 2040 6250
10
5890 2935 9002 8031 7676 7158 2823 8297 4567 7347
10
8704 8336 2748 9880 6461 6939 8470 5973 127 6830
13
3687 7944 1723 9068 54 5095 3201 7686 4547 9095 3250 4468 2914
3
9425 1975 9062
12
7688 2749 8109 3567 9990 560 560 5167 2841 186 7928 7691
11
7839 7533 2565 6238 4991 6796 3629 411 4456 1884 472
6
5462 7019 7161 4364 7569 6489
12
6155 6970 7457 2288 9872 5010 3122 6042 7634 602 4399 5838
4
8800 3395 9163 3304
6
44 8245 6843 1315 5427 6640
10
6123 4010 7824 4690 3439 9527 2388 6387 7656 12436
10
4828 6765 3229 90 5508 6440 9433 1130 3611 9842
12
2080 5173 188 6212 2996 3209 6730 1987 5412 9058 474 10693
