20
46 18
7 11 9 46
840698758 13331
8 7 10 999955808
1000000000 100000
99999 1 99999 100000
59 26
14 19 681 59
1000000000 100000
999999999 1 999999999 1000000000
28 21
6 5 1 85919
693840425 90561
2 6 7 999957328
186 75
68 16 539 186
218492221 46085
3 7 1 999969453
1000000000 1
12 7 74 12
1000000000 100000
1 1 1 1000000000
497151700 96511
9 7 6 999919625
82 81
58 56 739 82
22 21
1 4 869 22
249718282 93729
1 5 6 999917908
640834505 28785
3 9 1 999946125
97 39
34 37 656 97
45068754 29153
2 9 5 999904402
66 39
35 2 589 66
164 96
76 2 193 164
