100
3 11000000 6000000 26000000
3 1 11 10
2 25160999 97327237
3 52695330 16462431 16462431
3 44987139 44987139 90363181
3 9462818 32391905 32391905
3 66943553 66943553 9914326
2 98118614 26702290
3 99988827 49857374 49857374
2 70235362 1860258
3 15125534 89193849 89193849
2 37041943 92419846
2 2401515 2545865
3 49383236 49383236 36286124
2 34368725 66222380
3 21295649 40081926 40081926
2 30021243 57345061
3 18301603 36379927 36379927
2 34898476 35559630
2 19458532 13838340
2 43174456 32939725
2 20990207 32046195
2 14850239 74251195
2 85963295 17192659
2 93787646 46893823
3 35699421 71398842 35699421
3 19120352 1195022 19120352
3 31225230 31225230 62450460
3 5220727 78310905 5220727
2 54511976 13627994
3 139673 15503703 139673
2 81698902 40849451
2 91475820 94016815
3 72397320 72397320 86876784
2 75650442 63042035
3 32133838 32133838 33594467
3 16874408 25311612 25311612
3 31845798 21230532 31845798
2 94715632 71036724
3 37351790 56027685 56027685
2 89601253 76801074
2 37419192 32741793
3 3411 3412 5978
3 55939 55938 6619
3 7643 394394 6619
3 19901630 22520561 31623662
3 1461561 11362485 12153213
3 186286 304276 24070
3 2516791 13823251 11702041
3 72965988 75211276 42470560
3 26401056 19006464 42126432
3 39009390 26603766 9374190
3 10345600 4756830 6585882
3 4127718 796950 6340341
3 25283875 61393641 2459346
3 4859030 53116382 26373822
3 1599680 59169033 30096774
3 2842500 7152000 14638500
3 48470457 24331641 10690441
3 79024164 57039414 15740654
3 75341744 26145394 52734544
3 4907300 18037404 26786400
3 61551245 28103676 7134770
3 59904217 23077297 34109227
3 12471967 2389081 32577169
3 43553664 46730880 6394752
3 4815408 68475549 33338667
3 39937256 3507026 26633021
3 57580054 32933624 83532764
3 2969755 31996375 1146955
3 46858694 40599380 24034973
3 4479600 540900 3497400
3 24355768 13515944 5204592
3 2181644 6956172 5762188
3 57065418 33004854 16426125
3 23521434 45739734 54236859
3 44715214 38977516 12107368
3 61958662 60449756 29216274
3 12209742 31086742 5236227
3 23124355 9672235 49931899
3 85704380 20503041 52958336
3 74242247 2598595 86777559
3 2139336 6314094 2979000
3 1853680 11645415 7995798
3 33904137 31935903 12131637
3 2357240 85744605 69681155
3 22852809 19224134 56427784
3 31370928 31010113 71266758
3 6353820 63765042 47323716
3 25300459 13683749 49601659
3 2674531 6044396 6013591
3 6326430 89296500 48633800
3 1541907 3207447 4467375
3 41459912 24459819 67896613
3 40963520 67303600 25219285
3 2777500 43895730 1834478
3 7456115 14601179 16727051
3 11941994 28866986 43124318
3 8933851 21116250 26890631
3 22223900 17009790 10338340
