100
5 5 8 8
11 11 2 2
1 6 1 6
1 5 9 20
1 1 1 1
1000000 1000000 1000000 1000000
1000000 1000000 1 1
1 31 1 31
24 24 39 39
7 36 50 68
32 59 3 18
1 31 47 67
38 65 22 51
48 61 30 51
24 52 19 48
14 40 33 57
12 36 33 63
44 74 12 36
25 47 40 67
39 57 4 31
48 76 28 56
31 59 24 29
41 52 10 29
22 48 29 59
1 26 11 38
31 41 9 30
12 40 35 44
4 32 13 38
44 49 22 47
12 39 18 38
6 25 19 43
254 254 411 411
19 49 499 527
128 153 481 505
445 467 479 500
492 518 243 272
266 290 489 516
486 510 304 334
480 508 287 303
478 506 280 309
486 515 287 315
478 494 273 303
296 304 464 484
487 517 303 326
285 301 456 484
290 306 469 487
406 434 250 275
282 312 192 221
186 210 459 478
343 367 411 439
106 133 260 278
29 38 68 97
254 283 363 380
293 323 38 58
24476 24476 39603 39603
6082 6099 49982 50009
47611 47622 47712 47726
29254 29283 49670 49694
49716 49737 30314 30327
30981 31009 49880 49901
49913 49943 30841 30871
30854 30872 49947 49972
30877 30901 49981 50006
30842 30865 49935 49959
49725 49747 30720 30745
49359 49388 30508 30525
30497 30518 49331 49354
47718 47740 29488 29517
45966 45995 28420 28444
24476 24493 39577 39606
22085 22092 39238 39248
19002 19025 37149 37173
24917 24947 19028 19058
23690 23713 16762 16789
42748 42778 29983 29990
18985 18993 90 118
26235 26253 45742 45768
785672 785672 485572 485572
999983 1000000 32991 33013
499987 500014 712962 712971
914203 914216 582082 582107
969706 969725 601809 601831
597445 597460 966221 966243
994467 994495 614659 614687
997884 997913 616739 616761
617695 617720 999471 999496
999049 999079 617458 617485
616558 616583 997613 997637
994433 994462 614572 614595
992655 992675 613475 613505
601186 601200 972735 972753
964366 964385 596019 596021
439194 439206 710629 710650
894006 894027 571566 571594
367075 367096 356990 356996
76984 77011 703198 703227
681490 681503 929378 929405
876985 877011 589285 589310
825626 825655 905710 905722
607621 607631 646944 646974
