50
159 52 51 51 0 1 1 51 0 52 0 51 52 1 51 52 52 52 1 1 0 51 1 52 52 51 52 52 52 51 1 1 51 52 52 1 1 1 0 52 51 51 0 1 1 52 52 51 0 0 0 51 52 52 1 1 51 1 52 1 1 0 0 52 52 0 52 1 52 0 0 51 1 1 51 51 0 0 0 52 52 0 1 1 51 51 51 1 51 51 1 0 0 1 52 0 51 52 0 1 0 51 0 1 51 51 52 0 52 1 51 1 52 0 52 1 0 0 52 52 51 1 0 0 0 51 52 52 0 1 51 51 51 0 51 1 52 0 51 1 1 1 1 52 1 51 1 1 0 1 1 51 51 52 52 52 51 1 51 1
2 2 1
123 72 46 74 80 85 78 76 76 79 82 78 52 65 78 84 44 61 63 43 76 48 81 80 58 59 81 43 77 47 79 71 44 67 48 86 60 83 47 63 84 74 67 72 82 73 81 47 68 68 51 65 71 55 86 66 80 54 75 57 43 83 86 83 57 53 53 62 68 46 47 51 63 65 47 47 72 61 63 46 84 48 66 66 56 51 70 79 55 46 50 57 61 77 73 66 59 56 72 81 48 85 68 48 57 48 61 68 45 47 69 61 43 62 71 74 60 55 78 70 55 74 50 79
176 65 59 52 65 48 41 68 51 41 40 66 66 54 69 67 64 52 64 69 38 47 36 61 56 63 43 46 41 55 36 39 49 38 64 52 60 68 65 51 62 65 61 52 43 63 50 38 44 70 43 49 46 44 55 49 53 70 49 41 36 36 41 36 45 43 64 40 46 39 64 70 63 61 38 41 61 44 68 60 51 52 46 49 62 62 45 52 51 43 41 56 44 66 54 47 44 69 70 66 35 43 56 55 46 47 64 54 43 63 48 44 64 53 67 52 49 63 51 61 58 61 54 61 58 50 40 47 55 37 69 38 37 67 65 46 69 43 55 65 38 37 51 68 56 58 44 45 47 60 65 60 59 64 67 64 57 41 44 65 35 50 42 69 50 57 63 45 70 43 53 58 47 63 68 49 56
148 52 79 74 62 78 78 74 43 63 86 48 78 52 48 80 60 44 83 56 83 58 67 75 81 62 44 72 81 72 64 50 66 64 44 63 43 66 47 52 63 78 80 73 78 79 53 62 49 79 46 49 85 67 72 54 74 80 49 68 78 70 43 79 72 53 60 46 74 65 79 48 86 55 86 68 68 52 48 50 55 75 72 59 67 85 86 54 55 45 63 56 64 77 70 70 59 49 84 81 72 73 64 64 43 84 47 77 48 47 65 75 66 56 43 43 60 49 82 73 58 54 48 70 70 77 76 46 65 46 74 65 58 85 74 48 65 69 43 77 43 67 73 68 59 61 61 59 77
139 0 70 1 1 70 70 0 0 70 1 69 1 0 70 0 70 69 69 69 69 70 69 70 1 1 0 0 70 0 69 70 1 69 0 1 69 0 69 70 0 69 69 69 69 70 69 69 69 0 1 0 0 70 69 69 0 0 1 1 0 1 70 0 1 0 69 70 69 70 0 1 1 1 1 70 1 1 1 69 70 1 70 69 1 1 0 69 70 70 1 1 1 69 0 1 69 69 69 0 69 0 0 70 70 69 0 69 1 0 69 69 0 0 1 70 0 69 0 0 70 69 70 70 0 69 1 0 1 1 69 70 70 1 70 1 0 69 1 69
2 45 96
2 73 97
137 67 82 81 63 68 62 85 81 90 63 98 49 96 78 93 80 68 87 83 54 58 59 77 65 97 96 52 59 60 59 64 96 53 66 52 79 68 60 51 76 49 92 59 58 51 95 63 54 50 88 87 78 58 54 94 91 73 75 82 52 92 81 52 90 55 84 68 77 56 77 77 79 79 50 77 83 60 50 82 51 72 82 74 63 69 85 92 77 67 64 97 76 63 56 54 62 67 72 62 96 51 52 76 59 52 72 53 94 59 52 84 67 61 88 97 81 65 94 67 66 97 69 49 68 98 76 78 71 91 53 98 71 60 81 84 64 86
200 100 100 100 100 100 100 100 100 100 100 100 100 100 100 100 100 100 100 100 100 100 100 100 100 100 100 100 100 100 100 100 100 100 100 100 100 100 100 100 100 100 100 100 100 100 100 100 100 100 100 100 100 100 100 100 100 100 100 100 100 100 100 100 100 100 100 100 100 100 100 100 100 100 100 100 100 100 100 100 100 100 100 100 100 100 100 100 100 100 100 100 100 100 100 100 100 100 100 100 100 100 100 100 100 100 100 100 100 100 100 100 100 100 100 100 100 100 100 100 100 100 100 100 100 100 100 100 100 100 100 100 100 100 100 100 100 100 100 100 100 100 100 100 100 100 100 100 100 100 100 100 100 100 100 100 100 100 100 100 100 100 100 100 100 100 100 100 100 100 100 100 100 100 100 100 100 100 100 100 100 100 100 100 100 100 100 100 100 100 100 100 100 100 100 100 100 100 100 100 100
2 39 29
159 0 64 65 1 65 64 64 1 64 0 64 64 0 1 64 64 65 0 65 1 64 65 64 1 64 0 65 0 0 0 1 64 65 65 64 65 65 64 64 65 0 0 1 65 0 65 1 1 65 0 64 65 1 64 1 0 64 65 0 0 1 1 0 1 65 1 65 65 0 1 65 64 0 65 0 0 1 1 65 1 0 65 64 0 1 65 64 64 0 65 64 65 65 0 0 1 65 1 64 0 65 64 1 64 64 65 65 64 0 0 64 0 1 1 64 64 1 0 1 0 0 64 1 0 0 0 64 65 1 65 65 0 0 0 1 0 64 1 0 65 0 65 1 64 0 0 0 65 65 65 0 0 65 65 65 1 65 64 1
2 62 62
130 0 0 0 0 0 0 0 0 87 0 0 0 0 0 0 0 0 0 0 0 0 0 0 0 0 0 0 0 0 0 0 0 0 0 0 0 0 0 0 0 0 0 0 0 0 0 0 0 0 0 0 0 0 0 0 0 0 0 0 0 0 0 0 0 0 0 0 0 0 0 0 0 0 0 0 0 0 0 0 0 0 0 0 0 0 0 0 0 0 0 0 0 0 0 0 0 0 0 0 0 0 0 0 0 0 0 0 0 0 0 0 0 0 0 0 0 0 0 0 0 0 0 0 0 0 0 0 0 0 0
161 0 84 1 84 83 0 83 83 83 0 83 1 1 83 84 1 1 1 84 84 0 0 1 0 1 84 83 83 84 0 0 1 1 1 1 1 84 83 84 0 0 0 83 84 83 84 84 1 83 83 83 0 1 1 83 0 1 0 83 1 84 0 1 83 83 83 83 1 1 83 84 0 83 83 83 0 84 0 1 1 84 0 83 0 0 1 1 1 83 84 84 84 83 83 84 1 0 0 1 83 1 1 83 83 1 0 84 84 84 0 83 1 83 0 0 1 83 1 1 0 84 84 0 83 84 84 83 83 84 84 1 83 1 0 84 1 1 84 83 83 83 1 83 0 83 1 84 1 84 83 1 1 1 84 84 1 0 0 0 1 84
165 97 0 97 97 97 1 98 98 1 1 1 0 97 97 98 97 98 97 1 0 0 98 97 0 0 0 1 98 1 97 97 1 97 98 0 1 97 1 98 1 97 0 97 0 98 0 1 97 0 98 1 98 0 1 1 97 97 1 97 97 1 97 1 1 98 97 98 98 98 0 98 0 98 0 1 0 98 98 0 0 98 97 1 97 98 97 1 97 98 98 0 97 98 97 97 1 0 1 1 98 1 1 0 98 0 0 98 0 1 0 1 97 0 98 98 98 1 98 0 1 98 1 97 98 0 1 1 97 97 98 98 1 1 0 0 1 97 1 97 1 1 1 0 97 0 97 98 97 97 98 1 98 0 98 1 0 98 98 97 1 1 1 1 98 1
191 0 0 0 0 0 0 0 0 0 0 0 0 0 0 0 0 0 0 0 0 0 0 0 0 0 0 0 0 0 0 0 0 0 0 0 0 0 0 0 0 0 0 0 0 0 0 0 0 0 56 0 0 0 0 0 0 0 0 0 0 0 0 0 0 0 0 0 0 0 0 0 0 0 0 0 0 0 0 0 0 0 0 0 0 0 0 0 0 0 0 0 0 0 0 0 0 0 0 0 0 0 0 0 0 0 0 0 0 0 0 0 0 0 0 0 0 0 0 0 0 0 0 0 0 0 0 0 0 0 0 0 0 0 0 0 0 0 0 0 0 0 0 0 0 0 0 0 0 0 0 0 0 0 0 0 0 0 0 0 0 0 0 0 0 0 0 0 0 0 0 0 0 0 0 0 0 0 0 0 0 0 0 0 0 0 0 0 0 0 0 0
143 0 0 0 0 0 0 93 0 0 0 0 0 0 0 0 0 0 0 0 0 0 0 0 0 0 0 0 0 0 0 0 0 0 0 0 0 0 0 0 0 0 0 0 0 0 0 0 0 0 0 0 0 0 0 0 0 0 0 0 0 0 0 0 0 0 0 0 0 0 0 0 0 0 0 0 0 0 0 0 0 0 0 0 0 0 0 0 0 0 0 0 0 0 0 0 0 0 0 0 0 0 0 0 0 0 0 0 0 0 0 0 0 0 0 0 0 0 0 0 0 0 0 0 0 0 0 0 0 0 0 0 0 0 0 0 0 0 0 0 0 0 0 0
133 70 58 52 54 86 84 62 60 76 83 72 50 70 68 60 63 66 82 62 45 86 49 49 76 66 85 77 76 52 79 85 50 90 76 67 57 83 71 65 64 50 55 84 83 62 55 84 81 76 46 63 56 50 84 69 56 62 46 68 76 85 77 85 68 77 76 81 77 75 51 60 83 50 85 45 77 63 67 55 58 51 76 56 47 68 69 51 65 86 89 61 71 50 77 64 69 75 86 68 47 54 57 72 70 59 65 58 63 89 78 83 86 60 73 66 75 88 89 74 51 72 84 90 52 89 86 72 55 71 84 88 85 57
130 50 50 50 50 50 50 50 50 50 50 50 50 50 50 50 50 50 50 50 50 50 50 50 50 50 50 50 50 50 50 50 50 50 50 50 50 50 50 50 50 50 50 50 50 50 50 50 50 50 50 50 50 50 50 50 50 50 50 50 50 50 50 50 50 50 50 50 50 50 50 50 50 50 50 50 50 50 50 50 100 50 50 50 50 50 50 50 50 50 50 50 50 50 50 50 50 50 50 50 50 50 50 50 50 50 50 50 50 50 50 50 50 50 50 50 50 50 50 50 50 50 50 50 50 50 50 50 50 50 50
193 45 47 38 65 47 40 43 39 40 35 64 57 45 48 37 60 64 47 65 61 61 35 49 68 50 34 36 46 53 50 38 49 40 56 42 44 38 65 68 34 64 53 58 65 55 46 37 44 36 38 60 37 35 48 68 36 43 61 34 65 40 43 56 36 65 36 66 57 60 61 49 57 64 47 66 43 48 66 47 68 41 55 60 61 62 49 49 48 45 53 63 47 65 41 37 59 34 45 36 34 43 52 60 50 58 50 54 42 34 40 61 60 45 60 39 58 62 46 34 52 43 68 53 39 59 51 40 65 56 59 37 47 45 36 65 64 60 56 54 37 45 51 58 67 62 35 34 64 53 61 58 34 43 56 59 36 50 64 62 61 40 46 59 50 60 53 65 54 67 44 57 47 61 44 35 66 61 67 63 36 60 57 44 60 49 38 34 68 50 46 43 44 53
111 0 0 0 0 0 0 0 0 0 0 0 0 0 0 0 0 0 0 0 0 0 0 0 0 0 0 0 0 0 75 0 0 0 0 0 0 0 0 0 0 0 0 0 0 0 0 0 0 0 0 0 0 0 0 0 0 0 0 0 0 0 0 0 0 0 0 0 0 0 0 0 0 0 0 0 0 0 0 0 0 0 0 0 0 0 0 0 0 0 0 0 0 0 0 0 0 0 0 0 0 0 0 0 0 0 0 0 0 0 0 0
176 43 36 34 42 49 43 39 48 35 38 42 40 47 38 36 41 43 49 48 39 39 41 39 39 43 100 45 50 47 37 49 45 34 40 45 47 38 46 38 41 44 34 36 41 49 48 39 48 46 34 47 38 40 42 45 42 37 43 45 45 44 38 48 38 35 47 39 41 34 35 41 41 43 48 37 47 39 46 34 43 47 50 36 45 39 44 39 45 40 34 50 42 42 43 35 36 48 46 49 40 36 39 45 39 40 36 48 40 41 41 46 49 46 40 38 46 37 36 42 47 45 46 49 37 46 37 45 46 36 50 43 47 35 34 43 47 45 47 38 42 34 42 46 34 36 38 50 50 44 35 43 43 42 46 36 35 48 44 38 46 47 48 40 48 36 35 36 34 42 44 36 40 37 49 38 45
156 44 45 47 47 49 47 47 47 47 45 48 48 47 50 48 50 47 45 46 45 48 48 46 48 49 45 49 47 50 49 44 50 44 49 48 47 47 49 47 44 47 50 44 50 45 47 49 49 46 48 47 49 46 45 47 46 48 47 48 48 47 46 49 48 49 49 44 46 48 44 45 46 46 46 44 46 44 45 46 49 50 50 46 45 49 49 50 50 50 46 45 46 45 46 44 44 45 47 49 50 44 46 50 49 47 46 46 48 46 49 44 47 47 50 46 45 47 50 48 50 45 46 49 44 45 47 46 44 46 49 48 44 45 48 44 50 45 44 47 48 47 49 48 100 47 50 48 48 48 50 47 50 47 48 50 48
110 75 96 86 79 66 75 82 84 95 73 90 67 81 69 98 90 82 50 74 99 81 92 64 84 76 83 67 92 88 68 60 92 80 83 93 58 50 74 58 76 100 69 78 54 54 60 66 93 80 58 71 88 82 81 65 51 76 65 63 71 86 93 89 64 62 70 90 61 84 90 77 69 55 100 93 72 99 92 77 89 62 67 81 71 61 66 66 70 96 80 100 67 60 76 99 70 99 86 61 91 87 86 73 84 75 86 93 88 87 94
2 56 23
2 34 0
17 76 80 1 54 2 10 28 14 68 62 16 56 97 17 23 20 12
149 42 37 48 41 44 41 48 45 44 49 46 47 38 46 43 37 41 37 37 50 49 37 48 46 38 37 42 50 48 37 46 49 47 43 49 44 45 48 42 50 46 44 40 48 38 47 41 43 42 38 43 49 41 37 41 44 49 46 49 50 50 49 50 42 45 42 46 47 48 38 49 48 41 41 41 46 43 50 47 42 50 41 40 39 47 40 39 47 49 38 46 40 42 45 46 37 41 39 43 38 47 43 41 48 39 45 100 45 44 47 46 39 42 47 38 46 43 48 50 37 42 38 38 41 45 41 43 42 45 48 50 48 45 37 45 38 42 41 40 47 47 45 41 40 45 46 42 41 40
84 33 99 13 69 77 4 47 38 21 78 64 79 74 51 41 63 58 62 99 23 45 45 45 31 84 79 41 28 84 69 14 40 88 48 88 87 26 68 38 88 55 30 37 73 25 35 90 68 60 36 54 9 62 64 60 77 26 6 60 55 94 9 53 77 35 49 92 10 76 79 29 60 30 17 75 40 49 69 22 49 30 80 5 85
200 0 0 0 0 0 0 0 0 0 0 0 0 0 0 0 0 0 0 0 0 0 0 0 0 0 0 0 0 0 0 0 0 0 0 0 0 0 0 0 0 0 0 0 0 0 0 0 0 0 0 0 0 0 0 0 0 0 0 0 0 0 0 0 0 0 0 0 0 0 0 0 0 0 0 0 0 0 0 0 0 0 0 0 0 0 0 0 0 0 0 0 0 0 0 0 0 0 0 0 0 0 0 0 0 0 0 0 0 0 0 0 0 0 0 0 0 0 0 0 0 0 0 0 0 0 0 0 0 0 0 0 0 0 0 0 0 0 0 0 0 0 0 0 0 0 0 0 0 0 0 0 0 0 0 0 0 0 0 0 0 0 0 0 0 0 0 0 0 0 0 0 0 0 0 0 0 0 0 0 0 0 0 0 0 0 70 0 0 0 0 0 0 0 0 0 0 0 0 0 0
123 52 47 40 65 35 42 67 69 56 61 37 59 66 70 50 68 68 69 50 38 56 37 57 58 51 47 51 52 69 66 42 65 47 38 48 53 50 68 56 39 41 38 46 53 49 53 41 44 60 45 54 54 41 57 58 50 45 59 37 69 40 40 54 55 51 63 69 37 44 46 61 38 68 43 56 67 58 68 53 66 55 43 58 47 51 42 44 46 50 49 60 39 43 65 47 45 43 49 36 61 67 53 47 55 51 67 64 67 59 67 39 40 48 45 41 53 48 47 43 38 63 41 37
200 0 0 0 0 0 0 0 0 0 0 0 0 0 0 0 0 0 0 0 0 0 0 0 0 0 0 0 0 0 0 0 0 0 0 0 0 0 0 0 0 0 0 0 0 0 0 0 0 0 0 0 0 0 0 0 0 0 0 0 0 0 0 0 0 0 0 0 0 0 0 0 0 0 0 0 0 0 0 0 0 0 0 0 0 0 0 0 0 0 0 0 0 0 0 0 0 0 0 0 0 0 0 0 0 0 0 0 0 0 0 0 0 0 0 0 0 0 0 0 0 0 0 0 0 0 0 0 0 0 0 0 0 0 0 0 0 0 0 0 0 0 0 0 0 0 0 0 0 0 0 0 0 0 0 0 0 0 0 0 0 0 0 0 0 0 0 0 99 0 0 0 0 0 0 0 0 0 0 0 0 0 0 0 0 0 0 0 0 0 0 0 0 0 0 0 0 0 0 0 0
167 48 46 48 49 43 42 50 48 47 46 42 50 46 45 44 50 45 48 47 47 46 44 47 44 42 43 45 44 48 42 43 45 49 47 44 46 50 43 45 45 43 50 42 47 49 49 49 49 50 45 45 47 50 45 45 44 42 49 43 49 48 44 49 50 50 44 42 47 46 50 42 42 43 42 48 43 47 45 45 50 48 44 44 50 50 49 46 49 44 48 47 45 46 44 43 50 47 44 45 44 48 44 48 49 47 49 49 48 49 47 48 100 42 45 50 47 45 48 46 49 50 50 46 50 43 43 48 48 47 50 44 47 42 44 45 44 47 48 47 46 46 45 47 44 45 45 49 50 45 49 45 49 45 45 43 43 45 43 48 49 46 46 42 46 47 48 49
166 57 54 39 44 68 59 65 44 71 45 60 73 42 63 60 70 48 65 54 70 71 56 62 61 71 58 63 54 58 57 46 54 62 74 45 74 43 67 70 41 64 56 62 45 53 49 57 48 55 41 60 49 55 71 39 64 70 48 73 62 62 51 63 74 73 42 72 69 68 57 64 71 69 49 43 66 54 65 59 40 73 42 44 60 74 75 55 66 53 62 50 72 54 60 41 46 40 51 62 60 52 41 39 63 47 44 75 45 48 77 71 45 77 49 47 41 78 40 47 40 69 47 43 43 48 65 39 63 51 50 61 39 76 76 46 54 65 61 71 64 64 59 74 53 54 60 60 47 78 46 61 68 75 67 78 63 46 75 57 78 48 52 62 53 60 71
165 0 0 0 0 0 0 0 0 0 0 0 0 0 0 0 0 0 0 0 0 0 0 0 0 0 0 0 0 0 0 0 0 0 0 0 0 0 0 0 0 0 0 0 0 0 0 0 0 0 0 0 0 0 0 0 0 0 0 0 0 0 0 0 0 0 0 0 0 0 0 0 0 0 0 0 0 0 0 0 0 0 0 0 0 0 0 0 0 0 0 0 0 0 0 0 0 0 0 0 0 0 0 0 0 0 0 0 0 0 0 0 0 0 0 0 0 0 0 0 0 0 0 0 0 0 0 0 0 0 0 0 0 0 0 0 0 0 0 0 0 0 0 0 0 0 0 0 0 0 0 0 0 0 0 0 0 81 0 0 0 0 0 0 0 0
2 0 28
105 20 7 55 0 9 35 67 87 50 1 13 3 63 5 27 24 74 21 21 51 11 49 66 70 40 67 73 24 79 61 30 24 84 25 14 34 71 89 31 82 47 15 13 40 31 24 66 10 33 30 94 4 27 75 1 6 81 60 95 3 58 53 63 16 94 71 88 30 33 54 94 65 34 35 4 73 3 1 33 72 50 88 19 100 24 50 99 78 11 81 18 9 73 92 79 61 100 27 21 77 14 15 55 48 86
2 61 46
102 76 76 76 76 76 76 76 76 76 76 76 76 76 76 76 76 76 76 76 76 76 76 76 76 76 76 76 76 76 76 76 76 76 76 76 76 76 76 76 76 76 76 76 76 76 76 76 76 76 76 76 76 76 76 76 76 76 76 76 76 76 76 76 76 76 76 76 76 76 76 76 76 76 76 76 76 76 76 76 76 76 76 76 76 76 76 76 76 76 76 76 76 76 76 76 76 76 76 76 76 76 76
3 49 8 86
163 0 0 0 0 0 0 0 0 0 0 0 0 0 0 0 0 0 0 0 0 81 0 0 0 0 0 0 0 0 0 0 0 0 0 0 0 0 0 0 0 0 0 0 0 0 0 0 0 0 0 0 0 0 0 0 0 0 0 0 0 0 0 0 0 0 0 0 0 0 0 0 0 0 0 0 0 0 0 0 0 0 0 0 0 0 0 0 0 0 0 0 0 0 0 0 0 0 0 0 0 0 0 0 0 0 0 0 0 0 0 0 0 0 0 0 0 0 0 0 0 0 0 0 0 0 0 0 0 0 0 0 0 0 0 0 0 0 0 0 0 0 0 0 0 0 0 0 0 0 0 0 0 0 0 0 0 0 0 0 0 0 0 0
133 49 48 50 50 48 50 50 50 48 48 49 48 100 50 50 48 50 49 50 49 48 50 50 50 50 48 49 50 49 50 48 49 49 49 50 50 48 49 50 48 50 48 49 50 49 49 48 50 49 49 50 50 48 50 49 49 49 49 49 50 49 48 49 48 48 48 49 49 49 50 48 48 48 49 50 49 48 48 48 48 48 49 48 50 50 48 48 48 49 48 49 48 48 48 50 50 49 50 50 49 49 48 50 48 48 49 50 48 50 50 50 50 48 48 49 49 49 49 48 48 48 49 50 48 48 49 48 48 48 48 48 50 50
163 38 86 9 98 79 30 7 63 61 43 56 97 16 55 50 61 50 31 77 42 23 8 91 78 14 19 47 22 73 5 7 4 88 94 10 3 57 91 4 96 11 89 87 96 71 40 7 83 37 61 34 68 49 78 19 36 9 64 30 11 92 42 95 60 59 78 36 10 34 39 91 82 21 10 7 45 39 22 55 52 80 99 79 97 79 87 81 0 26 17 13 37 6 73 53 63 92 39 30 50 43 92 74 41 75 90 42 6 97 99 33 29 3 45 59 16 91 23 64 80 45 17 54 94 12 66 41 45 88 71 15 36 42 64 99 86 90 42 46 66 37 53 89 28 76 45 60 59 79 86 78 88 87 43 1 36 22 30 88 52 94 27 61
87 86 51 62 68 16 37 95 94 9 0 62 54 6 69 60 43 11 25 96 57 5 25 20 68 83 81 85 20 9 75 19 47 62 90 79 31 36 18 43 70 39 78 61 100 38 67 21 42 57 39 68 65 24 41 100 59 93 69 27 49 14 8 76 22 100 9 32 29 43 57 32 32 45 45 84 34 0 6 15 24 37 3 70 21 75 8 73
189 0 0 0 0 0 0 0 0 0 0 0 0 0 0 0 0 0 0 0 0 0 0 0 0 0 0 0 0 0 0 0 0 0 0 0 0 0 0 0 0 0 0 0 0 0 0 0 0 0 0 0 0 0 0 0 0 0 0 0 0 0 0 0 0 0 0 0 0 0 0 0 0 0 0 0 0 0 0 0 0 0 0 0 0 0 0 0 0 0 0 0 0 0 0 0 0 0 0 0 0 0 0 0 0 0 0 0 0 0 0 0 0 0 0 0 0 0 0 0 0 0 0 0 0 0 0 0 0 0 0 0 0 0 0 0 0 0 0 0 0 0 0 0 0 0 0 0 0 0 0 0 0 0 0 0 0 0 0 0 0 0 0 0 0 0 0 0 68 0 0 0 0 0 0 0 0 0 0 0 0 0 0 0 0 0 0 0 0 0
183 92 88 8 34 53 66 41 83 1 61 67 52 1 91 77 100 71 13 90 9 98 8 15 57 69 99 5 63 97 9 17 3 40 73 78 24 37 25 86 16 62 63 8 26 22 19 33 23 79 32 49 40 4 12 12 53 58 54 98 7 13 56 27 61 43 48 54 64 18 22 44 2 87 57 12 25 81 49 59 10 77 61 26 74 61 79 5 47 87 33 93 93 40 74 53 63 92 87 58 81 51 30 76 67 18 17 77 75 77 21 16 91 86 2 49 86 59 75 27 69 5 27 99 39 63 23 85 51 97 31 90 33 52 64 58 79 90 82 80 94 20 92 17 55 70 46 13 21 36 7 44 17 99 36 30 48 29 78 39 44 74 11 10 35 27 0 8 76 80 30 58 87 70 85 66 76 15 25 47 31 47 31 11
57 51 18 75 4 76 88 42 0 60 35 79 75 59 83 69 20 19 29 65 36 14 60 29 23 68 11 82 97 80 73 75 54 23 71 46 78 12 23 47 47 10 3 79 39 47 52 57 36 90 48 86 65 65 54 81 63 56
131 48 47 44 46 48 44 47 47 48 47 48 48 48 49 44 43 48 44 46 43 48 47 45 48 43 43 49 49 47 47 45 48 45 47 46 47 49 45 43 50 43 44 45 45 47 46 47 46 48 50 47 48 49 43 43 46 48 47 47 47 43 47 47 46 48 44 43 44 44 50 44 45 47 44 43 47 46 100 49 44 49 43 46 44 50 46 44 48 46 48 46 47 50 47 44 45 43 45 48 43 47 46 45 46 47 48 50 44 47 49 47 50 48 44 44 50 50 49 43 50 46 50 47 47 45 44 45 46 43 43 46
161 0 0 96 96 0 96 1 96 96 1 1 97 0 1 1 1 1 1 1 0 0 1 97 1 96 0 97 96 0 96 96 0 1 0 1 97 97 97 1 0 96 0 0 1 0 0 97 96 96 96 96 1 96 0 97 1 97 97 96 96 97 1 0 96 0 1 1 0 1 0 97 1 97 0 96 0 96 96 1 96 0 1 1 96 96 96 97 1 97 0 97 97 0 97 1 96 97 97 1 0 0 97 1 96 97 96 97 96 1 97 97 96 96 1 96 96 0 1 96 97 1 96 97 0 96 96 1 96 97 97 96 1 97 97 96 0 96 0 0 0 1 96 97 1 0 96 0 0 97 96 1 1 97 1 0 96 0 1 0 96 1
