50
100 3 3
500 500 500
500 500 120
500 140 500
10 10 10
10 10 10
10 10 10
100 3 3
500 100 500
100 100 500
500 500 500
10 10 10
10 10 10
10 10 10
927 8 9
1000 967 1000 1000 1000 442 671 432 170
640 1000 229 1000 804 679 758 407 80
583 1000 120 1000 774 200 601 379 364
591 1000 973 1000 922 864 600 231 582
870 1000 1000 1000 386 266 492 492 604
338 1000 617 1000 884 860 255 207 677
689 1000 894 1000 191 127 995 511 674
821 1000 986 1000 979 530 528 457 687
1 26 917 1 1 126 652 429 156
637 1 202 1 790 122 119 388 64
544 1 75 1 765 181 498 373 338
586 1 970 1 919 832 251 224 535
855 1 1 1 372 257 85 465 569
304 1 588 1 857 818 47 158 643
655 1 852 1 187 122 134 16 646
820 1 981 1 978 508 515 353 184
775 4 8
866 901 938 918 877 923 920 960
908 871 892 906 847 968 851 849
907 910 881 914 892 985 863 985
926 839 889 914 871 869 845 853
404 478 481 181 684 313 157 259
552 652 624 136 595 474 28 188
230 546 491 639 79 669 174 400
69 278 349 742 320 683 191 2
255 1 3
976 891 886
245 108 23
238 2 2
535 972
556 675
176 64
161 156
142 6 6
620 1000 376 501 453 278
172 1000 828 563 394 789
450 208 764 325 297 696
598 579 844 626 756 715
993 406 475 991 667 860
851 942 561 909 631 622
108 969 86 26 14 35
112 1 700 4 78 131
20 88 230 22 125 79
120 108 425 76 62 18
123 53 240 2 138 86
56 37 400 64 570 350
300 9 7
740 1000 740 360 792 831 471
308 437 548 393 852 394 630
161 332 863 180 177 90 468
863 573 655 953 868 359 706
946 866 235 169 842 898 541
638 468 748 140 646 889 895
300 869 835 203 672 969 941
279 939 803 267 428 959 980
897 384 545 609 964 860 991
166 963 550 112 279 157 33
258 147 391 220 639 270 305
36 136 434 107 70 20 304
803 249 86 533 790 43 385
835 50 179 38 459 22 162
576 267 354 27 332 499 512
102 89 537 33 311 203 54
191 47 349 103 42 146 790
451 322 477 282 386 776 730
741 10 10
791 812 983 999 853 958 478 957 766 691
982 903 770 771 573 740 837 568 748 947
346 585 922 875 984 703 192 635 290 861
355 857 907 994 753 888 123 532 893 615
291 654 988 910 880 436 716 850 899 412
929 231 997 797 806 801 969 993 882 539
773 430 888 941 931 533 964 409 477 997
621 979 961 990 980 975 536 644 709 981
932 974 384 973 882 738 596 405 430 604
874 710 925 548 538 987 972 626 181 490
683 243 924 999 794 803 423 885 472 654
605 650 419 701 102 197 487 378 703 408
140 431 96 612 934 484 118 44 143 649
194 256 544 630 713 93 115 118 893 128
169 69 514 699 611 252 157 835 844 297
884 112 967 338 721 685 649 878 568 521
501 334 632 527 852 383 96 84 74 920
327 35 413 889 645 511 133 313 364 942
727 949 169 235 240 500 120 258 304 150
582 500 913 181 184 843 798 436 175 409
883 10 10
996 975 993 863 931 766 950 927 961 244
997 834 897 581 652 895 915 1000 711 690
552 614 992 993 638 876 731 973 818 548
747 512 979 909 326 789 378 964 794 169
673 401 777 857 469 659 942 362 741 783
779 963 967 965 743 954 729 220 937 589
285 457 973 636 659 973 913 832 823 452
744 914 806 990 649 699 549 833 706 660
981 961 835 976 685 906 907 960 583 719
497 795 52 901 424 521 982 614 319 958
945 727 862 776 834 660 859 781 933 239
425 235 676 388 288 813 835 999 336 561
74 515 10 970 331 677 632 971 805 417
595 118 647 269 178 327 312 951 487 1
480 260 616 56 78 568 756 313 505 31
232 821 902 909 165 909 586 40 750 325
270 277 280 602 237 939 694 560 586 335
376 557 764 866 593 440 17 453 475 201
978 924 601 970 654 869 899 286 28 447
102 782 20 302 168 105 344 168 215 432
86 10 4
1000 82 935 657
51 1000 533 101
523 719 158 319
568 635 776 166
450 977 585 949
140 579 587 945
384 395 725 620
164 375 758 860
165 244 432 912
372 896 331 985
1 10 116 466
1 1 148 25
167 13 65 191
162 553 130 97
223 548 509 183
1 287 97 455
51 171 239 58
76 273 644 653
115 120 239 151
283 605 62 126
76 6 8
1000 61 107 933 707 924 394 583
55 1000 801 862 809 821 239 637
787 649 719 961 353 351 879 359
415 280 649 642 851 490 824 329
632 567 928 894 755 353 852 799
886 701 164 367 768 808 588 864
1 4 8 163 104 624 106 525
1 1 132 698 582 258 35 447
59 409 410 131 64 144 252 76
293 147 86 334 665 410 711 57
389 238 391 569 91 207 609 679
813 590 102 183 96 649 376 723
491 5 9
1000 977 1000 919 1000 494 1000 404 1000
626 998 463 764 970 514 998 34 991
879 955 598 93 484 783 972 813 977
696 44 462 46 465 881 999 20 967
1000 876 1000 850 1000 993 1000 474 683
1 939 1 867 1 466 1 303 1
487 998 135 736 420 469 813 18 564
290 927 100 59 353 763 638 784 836
70 19 296 23 173 841 666 7 398
1 299 1 825 1 124 1 456 632
675 5 5
769 950 911 916 788
897 747 791 879 940
831 807 982 941 971
943 764 941 796 905
857 894 975 738 867
198 556 378 214 111
272 4 510 38 612
667 314 311 505 598
601 201 21 163 190
209 177 639 563 477
108 10 10
996 701 916 691 871 897 980 707 494 957
998 971 953 888 908 905 582 606 982 771
670 943 592 185 979 939 959 825 343 645
659 820 965 811 670 831 852 871 497 598
820 450 1000 875 930 887 899 915 594 534
968 978 761 911 941 291 521 375 969 451
465 792 177 466 998 845 826 966 877 867
969 890 821 625 474 738 933 411 889 793
891 978 797 569 848 799 940 803 677 526
987 863 149 944 965 907 855 845 436 631
443 383 747 566 764 674 919 638 356 829
912 622 58 470 616 833 347 292 936 741
522 711 93 50 866 551 944 208 234 622
559 227 598 703 78 27 669 743 345 453
23 37 997 819 620 788 134 436 587 396
932 967 679 497 853 289 52 305 920 257
154 717 114 227 993 716 304 80 742 709
565 821 673 564 375 131 920 241 703 732
443 971 480 432 706 520 841 128 176 386
951 310 138 902 725 886 784 616 299 230
451 10 10
528 667 617 544 997 751 992 976 726 691
197 463 471 793 296 915 958 555 732 70
996 991 862 921 505 894 559 806 678 850
998 541 941 725 802 945 616 974 312 952
864 732 747 794 812 492 787 847 414 983
919 259 862 509 669 595 930 430 938 999
795 828 546 331 887 848 886 814 887 798
822 825 846 976 732 363 930 817 631 978
893 497 947 782 864 814 871 807 793 197
718 181 971 721 557 846 855 659 540 758
448 351 617 456 904 557 976 863 587 197
95 122 85 583 100 869 587 481 374 43
816 200 713 321 43 839 501 696 601 226
428 442 482 568 561 717 265 872 161 439
60 693 475 338 127 339 519 810 406 617
43 47 517 217 154 232 635 79 663 961
649 475 431 48 579 793 691 266 822 597
638 801 456 946 158 149 556 658 610 527
741 435 937 713 834 391 841 280 773 119
2 89 946 247 490 584 509 344 123 1
844 10 10
894 969 929 978 831 987 959 957 569 953
822 954 584 964 333 960 975 981 633 675
947 621 749 486 903 224 798 881 663 864
960 210 761 931 917 836 749 927 603 919
996 870 679 670 603 735 987 976 993 554
867 911 798 746 607 982 967 846 991 536
877 958 866 641 880 665 854 601 577 332
754 555 981 792 825 354 689 282 479 877
931 762 948 786 923 477 768 991 905 910
996 947 616 363 810 750 909 948 730 919
205 824 598 318 711 780 957 753 373 950
563 188 266 919 95 579 891 925 520 56
65 593 49 305 897 1 714 853 275 456
899 61 610 124 579 241 223 368 530 892
927 2 532 243 329 527 901 720 923 51
737 849 123 459 240 430 789 510 988 477
84 247 293 454 582 39 430 203 484 193
615 241 404 426 671 59 609 82 28 469
240 747 157 495 882 67 661 955 94 160
987 536 227 200 791 193 908 687 590 322
741 3 2
1000 825
780 141
728 212
1 43
165 55
2 33
260 7 1
776
488
510
350
314
348
466
170
39
169
13
236
30
143
729 7 8
1000 769 1000 1000 1000 625 609 464
933 1000 57 1000 376 706 437 996
865 1000 280 1000 924 983 974 190
257 1000 46 1000 95 737 814 579
660 1000 1000 1000 179 494 529 634
642 1000 67 1000 992 949 490 379
650 1000 722 1000 311 618 775 304
1 488 719 1 1 408 569 427
916 1 37 1 361 170 402 986
861 1 277 1 906 492 961 164
241 1 39 1 73 619 254 107
649 1 1 1 135 449 518 74
631 1 19 1 973 917 470 22
635 1 682 1 287 615 738 72
757 6 10
908 726 569 952 944 845 915 814 495 1000
975 90 940 643 160 535 580 773 993 681
1000 629 621 636 819 437 430 910 403 1000
576 99 226 207 913 986 549 828 603 820
1000 724 997 965 816 470 438 869 60 910
748 268 1000 371 483 164 664 962 976 802
542 224 120 14 786 621 302 382 438 1
877 88 919 640 119 512 559 734 979 37
1 305 234 90 229 71 350 41 121 1
436 77 217 162 870 939 547 808 554 788
1 439 356 748 61 21 194 146 44 898
710 263 991 326 469 128 626 816 586 250
357 6 8
1000 397 1000 1000 1000 972 695 575
998 1000 150 1000 481 965 762 412
891 1000 259 1000 898 935 207 566
834 1000 492 1000 302 465 215 169
256 1000 1000 1000 286 375 501 913
888 1000 996 1000 709 993 251 692
1 10 347 1 1 862 694 528
972 1 140 1 441 741 743 386
877 1 227 1 893 394 159 537
786 1 460 1 273 234 199 143
233 1 1 1 243 21 188 882
877 1 994 1 690 984 85 166
888 10 7
1000 928 1000 1000 1000 988 755
531 1000 132 1000 648 348 214
28 1000 646 1000 938 566 985
880 1000 332 1000 500 744 999
782 1000 1000 1000 536 614 866
928 1000 188 1000 551 240 704
804 1000 299 1000 228 489 604
942 1000 626 1000 4 236 682
263 1000 358 1000 981 354 931
1000 1000 46 1000 892 787 905
1 576 878 1 1 287 734
527 1 91 1 633 255 202
11 1 643 1 920 220 967
831 1 306 1 470 262 998
734 1 1 1 534 345 531
890 1 140 1 525 194 25
800 1 255 1 223 482 439
912 1 621 1 4 206 405
227 1 341 1 963 318 551
996 1 42 1 861 774 748
319 10 10
935 904 998 980 861 701 917 657 376 909
466 987 931 730 605 887 278 912 679 536
915 782 975 732 793 996 559 861 954 614
910 433 847 987 835 819 230 444 566 716
717 369 683 976 563 242 716 371 926 963
46 779 897 930 786 940 794 806 824 728
907 989 316 690 880 326 965 711 997 574
597 290 649 774 979 838 841 890 820 906
551 553 787 939 461 700 864 863 950 685
998 474 842 898 800 574 717 858 823 433
481 829 929 893 206 371 201 59 309 609
205 362 643 512 539 451 255 290 679 426
870 290 865 519 259 290 156 364 859 122
810 76 518 950 711 784 171 3 458 561
352 110 190 9 121 149 406 345 861 823
21 296 697 930 730 870 43 643 645 632
486 232 168 166 741 302 945 656 13 146
131 32 114 70 717 688 526 251 373 769
107 226 579 395 170 37 607 824 786 139
671 21 647 283 743 133 621 263 194 297
8 10 9
1000 257 1000 916 1000 551 1000 728 1000
796 550 453 557 897 466 802 752 849
515 164 412 609 912 161 857 966 676
973 804 691 765 726 995 908 960 962
966 995 686 347 972 481 750 202 713
972 529 915 705 648 406 645 681 912
889 65 887 777 986 925 257 94 886
772 658 929 794 948 360 505 349 907
716 121 833 539 874 138 263 326 773
1000 947 1000 398 1000 758 1000 208 458
1 248 1 635 1 513 1 24 1
89 549 302 535 417 440 6 731 108
359 142 152 564 350 159 633 918 440
462 789 227 744 475 993 599 926 247
914 995 622 308 508 440 560 171 658
289 489 351 681 451 361 75 678 544
693 61 753 747 404 914 206 69 547
658 625 489 781 97 317 196 308 290
147 77 377 506 728 109 136 278 99
1 270 1 371 1 130 1 204 301
362 2 6
1000 786 1000 843 848 877
912 891 949 993 740 928
1 57 496 589 658 472
69 15 698 35 554 472
797 5 1
997
797
797
797
797
569
717
717
717
717
357 10 10
407 997 573 789 963 867 995 896 725 529
702 793 987 914 964 993 694 242 762 911
256 989 351 992 841 883 816 991 846 710
591 550 427 558 921 395 806 816 776 997
448 854 721 990 989 677 506 480 999 532
749 459 933 463 609 908 228 939 976 807
634 684 233 939 986 377 560 953 686 694
425 942 283 584 952 708 981 833 289 769
894 735 750 201 703 704 967 649 864 928
453 834 837 988 321 688 905 762 610 700
197 861 234 103 463 643 995 876 398 528
186 192 801 677 476 845 488 81 320 508
52 935 302 974 616 555 434 978 85 351
126 290 109 242 792 56 617 703 151 968
176 744 621 18 354 614 443 310 49 319
682 441 715 216 170 104 58 658 799 734
100 3 141 939 879 154 335 210 19 619
313 885 31 399 746 200 480 738 77 512
638 218 471 77 557 557 352 590 807 915
119 100 441 922 217 627 365 336 276 417
234 7 9
1000 740 1000 778 1000 346 1000 994 1000
921 947 521 851 812 705 567 387 468
551 603 498 43 931 644 483 16 729
547 375 562 298 885 958 518 274 689
464 235 689 178 786 976 988 87 923
398 285 646 698 918 798 636 763 428
1000 762 1000 200 1000 704 1000 198 576
1 724 1 658 1 314 1 576 1
180 936 258 812 633 662 256 343 407
187 557 407 30 479 600 62 14 74
59 360 370 259 490 934 204 227 612
252 198 325 132 546 949 373 61 216
332 270 253 690 496 758 232 762 335
1 603 1 187 1 333 1 149 129
677 5 7
940 888 961 815 958 850 795
938 826 876 944 909 776 967
868 947 842 876 739 974 994
997 891 987 842 881 959 970
905 870 861 973 924 864 931
285 16 248 532 554 383 451
526 194 226 438 221 263 515
186 609 104 475 447 238 568
156 235 64 452 359 302 621
142 574 550 415 71 328 454
347 7 6
1000 194 1000 686 1000 100
834 494 952 760 761 988
943 330 814 506 705 973
768 461 995 675 815 875
799 343 965 460 798 736
609 451 991 976 881 986
1000 724 1000 921 140 592
1 156 1 434 1 98
487 466 544 746 562 984
640 283 225 496 397 952
88 452 751 664 615 840
514 302 799 424 427 611
113 422 299 944 834 441
1 174 1 886 103 23
583 4 7
1000 916 823 985 913 975 274
912 944 547 962 987 966 995
808 803 401 983 942 712 790
248 529 391 962 923 945 810
1 378 395 841 235 842 247
587 176 108 461 905 629 436
8 212 147 127 749 33 15
230 42 330 867 23 461 616
328 2 1
741
966
303
129
602 10 10
931 945 894 969 55 527 130 1000 932 653
630 74 504 831 905 934 877 684 981 554
360 937 806 837 419 223 420 399 996 873
1000 810 221 713 710 897 933 872 668 989
535 999 444 892 963 966 901 205 953 793
330 999 630 725 408 371 860 545 698 143
744 902 790 879 921 999 888 874 983 920
918 748 777 987 905 594 673 847 915 685
993 964 871 784 992 917 813 983 617 815
971 187 839 711 559 487 659 293 460 698
703 136 816 627 26 387 44 984 657 548
341 3 367 234 520 765 300 617 961 449
326 724 170 418 190 191 395 240 985 764
950 661 145 229 639 218 569 447 575 953
269 999 40 480 593 879 734 143 872 371
183 999 328 564 381 371 20 413 426 130
89 795 251 830 404 747 716 727 633 650
510 627 92 978 840 302 466 843 311 543
929 431 738 391 151 609 763 884 226 254
319 51 707 557 269 287 91 193 319 342
470 10 3
1000 208 989
425 1000 746
363 768 952
465 885 833
56 659 786
159 662 919
290 416 689
330 657 643
415 989 888
335 957 960
1 71 658
65 1 572
280 186 668
38 253 326
3 491 721
89 213 540
54 288 446
72 339 486
84 397 89
189 112 625
504 7 3
1000 348 566
372 1000 554
915 936 1000
992 941 949
685 275 910
851 603 895
768 75 826
1 110 485
243 1 228
769 232 788
114 94 434
500 86 720
91 5 23
600 16 282
429 8 8
895 1000 455 639 972 851 593 1000
568 51 787 410 656 527 455 936
1000 899 804 749 620 932 996 1000
726 455 797 617 621 457 995 527
1000 1000 58 347 813 219 794 708
367 873 283 571 677 584 996 833
781 599 653 65 554 590 576 132
67 850 725 726 686 812 396 755
835 1 243 386 471 538 406 1
100 4 771 405 631 525 447 332
1 70 246 301 392 208 633 1
109 410 784 604 592 418 988 506
1 726 33 332 809 213 769 667
342 295 241 538 672 574 956 832
747 274 612 46 547 576 533 108
21 91 130 562 235 71 107 185
484 10 10
805 882 778 854 687 636 627 341 589 885
842 992 951 926 277 716 738 898 902 952
747 406 859 600 913 473 949 551 913 656
902 965 840 671 898 1000 655 584 450 938
298 352 832 960 990 454 975 994 706 343
911 156 678 731 296 651 868 511 1000 909
903 733 969 740 257 939 401 920 959 898
204 327 928 883 628 781 573 816 661 959
577 866 505 474 520 901 790 730 490 995
163 980 986 363 919 652 726 991 920 949
661 199 653 450 19 136 446 172 583 546
336 898 497 606 226 414 391 757 797 697
712 370 26 56 886 371 929 100 64 606
534 892 278 203 557 946 557 129 208 266
199 17 256 501 174 312 796 982 554 204
679 81 463 647 101 466 784 130 951 710
727 534 927 359 172 293 2 438 934 838
116 37 786 574 412 351 65 771 610 479
275 631 496 92 388 167 95 96 72 457
39 787 762 56 330 503 305 500 781 609
867 10 10
917 869 952 913 430 997 797 239 847 562
987 992 993 749 874 598 616 661 980 741
847 748 763 396 877 988 722 769 776 444
811 609 762 517 617 931 757 745 880 956
479 934 481 981 874 836 789 993 548 944
932 757 566 884 792 335 602 966 855 743
780 363 1000 944 681 727 799 863 718 811
869 996 457 966 800 723 552 448 406 809
941 870 670 620 798 532 570 725 976 744
973 799 781 793 748 920 878 767 976 902
593 516 776 811 82 944 591 133 346 367
833 990 76 324 228 505 284 252 868 561
834 717 664 230 772 945 606 557 697 405
742 289 331 465 305 921 233 266 837 22
443 564 176 981 703 577 647 524 109 20
716 607 158 161 266 151 595 914 111 203
632 312 996 29 174 161 691 541 403 440
424 987 155 920 795 463 253 55 278 407
834 43 508 199 731 319 505 523 974 627
915 545 202 118 385 449 525 436 682 588
375 6 7
1000 415 1000 1000 1000 946 547
469 1000 134 1000 357 936 192
439 1000 587 1000 530 922 667
975 1000 971 1000 479 729 508
740 1000 1000 1000 262 822 926
378 1000 165 1000 438 248 808
1 181 365 1 1 875 504
420 1 111 1 343 827 153
415 1 566 1 529 652 648
957 1 950 1 445 318 120
738 1 1 1 228 815 231
344 1 136 1 404 201 646
666 10 9
1000 706 1000 1000 1000 729 164 519 477
748 1000 275 1000 203 598 175 909 350
590 1000 983 1000 213 636 293 784 551
873 1000 713 1000 55 493 207 937 377
998 1000 720 1000 316 657 83 974 918
574 1000 1000 1000 107 519 793 874 911
704 1000 469 1000 120 966 210 235 395
279 1000 303 1000 706 643 878 71 894
336 1000 575 1000 355 155 867 782 74
76 1000 400 1000 472 300 892 553 591
1 615 656 1 1 432 150 483 435
717 1 275 1 172 216 149 888 346
571 1 940 1 208 354 249 778 547
859 1 698 1 42 382 168 906 331
975 1 708 1 309 236 62 971 901
549 1 1 1 75 173 781 858 897
679 1 433 1 108 8 183 188 370
233 1 282 1 687 111 291 62 848
297 1 555 1 351 136 116 768 26
39 1 360 1 449 255 206 478 466
386 10 10
912 513 804 914 837 307 997 990 806 435
712 923 291 862 762 609 998 743 829 179
936 867 975 695 452 981 786 889 681 908
961 956 846 980 975 948 985 875 643 638
510 927 890 536 748 939 973 843 328 1000
587 725 934 949 815 408 942 965 871 843
756 906 896 679 984 998 925 926 877 920
893 746 931 824 781 481 971 893 942 983
940 578 954 430 838 979 438 868 903 368
65 997 409 651 830 390 859 940 888 881
659 426 737 658 780 302 992 971 566 284
586 902 98 463 426 132 995 716 705 24
367 590 738 43 202 950 690 851 397 84
880 778 792 830 894 369 178 9 221 273
433 820 469 479 686 698 967 833 320 679
516 521 708 200 721 54 510 541 598 809
552 720 8 664 519 893 741 830 645 728
781 698 709 574 1 351 239 867 915 926
871 266 934 411 292 106 240 302 586 339
20 995 288 209 742 387 655 927 805 182
654 9 6
1000 694 1000 1000 1000 987
609 1000 912 1000 35 999
938 1000 997 1000 193 994
608 1000 751 1000 398 998
380 1000 901 1000 530 993
720 1000 1000 1000 621 950
168 1000 186 1000 534 870
724 1000 552 1000 298 794
68 1000 231 1000 720 772
1 514 644 1 1 851
570 1 881 1 32 915
936 1 991 1 190 806
568 1 747 1 394 763
338 1 899 1 507 878
711 1 1 1 578 639
150 1 175 1 507 590
682 1 517 1 295 332
43 1 219 1 683 401
57 8 10
1000 885 693 633 916 782 861 778 895 1000
986 980 538 948 107 210 677 125 612 628
1000 875 605 927 736 995 672 608 714 1000
957 816 268 390 608 425 644 45 938 278
1000 603 811 935 875 864 241 814 784 693
450 258 594 457 850 839 750 676 922 664
671 591 681 724 559 462 489 660 328 775
506 823 678 633 703 233 649 235 529 682
1 49 122 507 348 569 721 557 474 1
937 944 536 946 73 209 663 86 580 220
1 186 513 92 174 325 436 334 549 1
37 814 268 344 583 421 609 37 901 256
1 181 182 748 812 133 199 797 745 664
415 234 574 434 810 689 408 191 386 453
661 583 653 676 519 428 478 660 284 589
485 803 661 586 685 189 629 203 502 33
616 10 2
775 1000
646 1000
878 648
957 899
980 916
958 840
837 835
718 493
964 868
908 974
443 974
587 1
605 259
422 537
27 768
601 29
169 311
500 301
385 37
540 226
939 7 6
995 992 994 997 991 996
989 997 995 990 991 997
990 996 989 999 1000 992
993 1000 999 999 995 1000
994 989 998 994 995 1000
991 997 995 999 996 999
1000 1000 999 994 999 999
560 842 281 270 339 21
138 442 830 359 365 640
542 303 601 704 807 651
859 734 863 528 629 350
773 129 282 666 317 332
65 84 664 42 638 766
475 583 345 644 624 300
636 6 7
1000 676 1000 1000 1000 781 362
535 1000 689 1000 850 895 668
22 1000 978 1000 423 494 947
208 1000 440 1000 512 181 989
720 1000 1000 1000 284 861 966
861 1000 551 1000 205 774 549
1 473 626 1 1 438 337
488 1 678 1 801 584 599
15 1 935 1 403 487 291
181 1 425 1 477 153 888
671 1 1 1 258 850 281
821 1 519 1 198 749 118
165 2 2
1000 959
950 864
1 749
349 634
636 10 10
686 940 904 515 163 779 475 533 592 817
398 168 818 736 604 839 786 932 535 939
829 348 616 781 915 854 931 992 859 237
577 837 820 477 636 974 595 747 194 820
427 392 977 236 955 963 951 918 227 158
906 673 480 758 918 678 685 960 950 981
645 622 489 761 814 945 728 572 909 781
490 935 847 919 978 947 985 866 994 790
490 487 892 997 726 748 891 825 985 479
1000 331 721 769 902 852 745 652 985 999
82 924 853 51 95 173 472 201 451 459
4 102 351 587 420 406 643 844 177 712
263 1 595 233 695 446 790 965 768 51
75 81 137 204 522 936 502 98 193 493
272 275 541 5 451 495 862 522 202 15
343 29 118 258 103 291 327 546 801 978
604 416 102 167 365 730 180 458 830 558
386 818 535 833 912 938 985 177 993 740
383 63 728 993 213 694 831 581 744 52
458 2 397 231 886 745 143 188 933 467
426 10 10
980 884 670 956 700 989 818 613 591 706
774 944 275 703 952 154 749 912 980 736
893 957 715 892 550 949 773 727 987 717
694 967 746 48 913 985 703 887 311 965
791 291 500 354 756 778 498 699 559 935
817 989 638 214 736 705 815 304 979 236
623 704 964 468 939 910 820 757 294 593
628 934 951 766 242 427 798 911 627 130
603 957 299 609 634 477 990 534 689 673
638 955 979 617 851 293 904 850 670 794
354 805 247 361 684 944 357 520 525 499
661 426 193 640 820 75 379 848 666 652
151 554 643 284 99 458 307 348 966 556
677 709 307 31 467 931 629 768 227 945
184 80 24 251 153 442 230 200 409 671
617 989 596 121 654 306 95 183 412 166
123 321 108 145 103 742 702 183 190 240
556 745 425 291 154 364 415 431 556 38
345 80 213 530 238 454 913 388 476 525
320 608 924 607 468 193 127 402 577 224
