10
20 1 2 3 4 5 6 7 8 9 10 11 12 13 14 15 16 17 18 19 20
20 120 266 858 1243 1657 1771 2328 2490 2665 2894 3117 4210 4454 4943 5690 6170 7048 7125 9512 9600
20 4386 56411 928 3376 3488 4288 2719 1214 1329 2107 1896 2454 3228 2722 3017 4918 2516 4399 4391 3035
20 14236 22777 15987 17482 70617 88710 17727 66177 15485 48015 94781 51815 38968 43539 50102 75525 19812 65309 94645 88699
20 1506 22 1398 13851 3834 3666 3620 2946 4314 3792 4100 2122 252 39688 1048 1172 2624 1694 672 906
20 74877 56856 39199 62484 52291 50593 2977 88693 23388 64394 21206 74236 1551 32383 34157 76870 13848 49643 96542 66436
20 26455 52413 47073 97256 45626 25558 41973 16271 67457 47184 19052 22864 31167 23347 17328 30264 44890 52540 23765 69141
20 68782 82741 32824 27125 44027 76232 75982 76994 86619 37203 59169 12420 193 60021 70010 4543 40281 31094 10451 13255
20 35242 46289 45262 30464 74608 71832 70991 36859 29060 47964 3124 6455 86640 35736 26335 58712 32927 52179 22098 51013
20 1128 288 816 672 40980 1470 4644 1984 2996 1716 4650 3118 3136 2372 2652 948 4706 82809 2074 1610
