30
3
3 4
4 10
6 10
9
3
3 4
4 10
7 10
9
2
6 6
10 3
13
2
6 6
10 3
14
99
267690 1000000
281311 948535
283788 549947
292440 835409
292559 757148
292959 708388
299318 997898
305800 524638
307500 608080
307948 825715
310235 637626
312344 724856
315270 947048
338414 796022
362648 539624
367869 712739
368233 947180
368303 674764
371468 780063
376629 968173
378501 503358
382104 584350
384995 816729
385471 748648
389738 751561
399880 532928
401518 526984
402123 886170
411346 809219
423399 548681
431188 628830
437201 983976
438035 532400
441611 943382
445259 583826
450506 791768
453968 942777
458274 859033
458750 646344
464710 501935
481783 872763
487969 921160
492748 642745
498187 761305
500255 559982
505210 807731
516926 549006
524743 786248
525929 890448
530557 631095
535284 267591
535286 267590
535288 267589
535290 267588
535292 267587
535294 267586
535296 267585
535298 267584
535300 267583
535302 267582
535304 267581
535306 267580
535308 267579
535310 267578
535312 267577
535314 267576
535316 267575
535318 267574
535320 267573
535322 267572
535324 267571
535326 267570
535328 267569
535330 267568
535332 267567
535334 267566
535336 267565
535338 267564
535340 267563
535342 267562
535344 267561
535346 267560
535348 267559
535350 267558
535352 267557
535354 267556
535356 267555
535358 267554
535360 267553
535362 267552
535364 267551
535366 267550
535368 267549
535370 267548
535372 267547
535374 267546
535376 267545
535378 267544
535380 267543
802923
2
10 1000
100 10
110
99
168769 1000000
180749 913008
183284 681520
184211 595927
210027 590924
213397 799259
229245 599261
230297 636071
232535 806144
238371 656190
245719 659618
252050 782700
260720 543300
265844 641007
267284 629225
273707 710586
275998 510046
292125 781866
298883 944056
299842 705349
305393 671734
314597 989135
321247 622977
324555 787876
329361 699419
489907 160543
489909 160542
489911 160541
489913 160540
489915 160539
489917 160538
489919 160537
489921 160536
489923 160535
489925 160534
489927 160533
489929 160532
489931 160531
489933 160530
489935 160529
489937 160528
489939 160527
489941 160526
489943 160525
489945 160524
489947 160523
489949 160522
489951 160521
489953 160520
650457 160536
810993 160536
813214 784685
820658 507088
825258 652542
830012 522814
832030 730224
840155 727426
854150 514566
858645 722913
859365 567616
862940 588195
864131 677451
881613 707864
883087 838784
885024 522070
903274 845385
906407 530408
906792 691242
913402 785224
922164 789573
930692 840700
942142 784620
949269 933130
954643 626148
954919 739130
1098799 143877
1098801 143876
1098803 143875
1098805 143874
1098807 143873
1098809 143872
1098811 143871
1098813 143870
1098815 143869
1098817 143868
1098819 143867
1098821 143866
1098823 143865
1098825 143864
1098827 143863
1098829 143862
1098831 143861
1098833 143860
1098835 143859
1098837 143858
1098839 143857
1098841 143856
1098843 143855
1098845 143854
1242699
95
40945 1000000
41649 555059
42397 639374
45176 554608
45798 520225
48305 642986
52804 929310
54647 738113
56165 535012
57093 601473
61447 649440
63315 722245
70610 894222
72961 510119
73705 598026
77997 898005
81862 40914
81864 40913
81866 40912
81868 40911
81870 40910
81872 40909
81874 40908
81876 40907
81878 40906
81880 40905
81882 40904
81884 40903
81886 40902
81888 40901
81890 40900
122786 40904
163690 40904
165281 952483
169488 522042
170854 879970
177094 715080
177638 800434
182749 527240
186963 770963
187926 925326
190220 525637
192522 769089
194692 892214
196321 638948
199302 743930
199782 873392
202045 771271
240372 38324
240374 38323
240376 38322
240378 38321
240380 38320
240382 38319
240384 38318
240386 38317
240388 38316
240390 38315
240392 38314
240394 38313
240396 38312
240398 38311
240400 38310
278703 38316
317020 38317
321685 879685
324883 594839
325102 898296
325402 657364
332647 735446
333123 697941
333971 564728
337395 544683
340982 873116
344919 583260
345742 778170
349336 937285
352407 864494
353039 716504
355252 802759
355309 38286
355311 38285
355313 38284
355315 38283
355317 38282
355319 38281
355321 38280
355323 38279
355325 38278
355327 38277
355329 38276
355331 38275
355333 38274
355335 38273
355337 38272
393609
95
996046 1000000
996146 621008
1006719 888479
1170320 587990
1184242 812131
1539510 884104
1678572 835471
1904437 668742
2573167 668727
2573169 668726
2573171 668725
2573173 668724
2573175 668723
2573177 668722
2573179 668721
3241898 668723
3910621 668723
3913160 846099
3916566 718568
3970187 527536
4130831 599736
4292428 584288
4384973 964280
4545735 747434
4579332 668708
4579334 668707
4579336 668706
4579338 668705
4579340 668704
4579342 668703
4579344 668702
5248041 668707
5916748 668707
5940602 602669
5944221 614103
6037004 826674
6145844 709706
6213088 968059
6364142 591702
6438626 973967
6585443 668692
6585445 668691
6585447 668690
6585449 668689
6585451 668688
6585453 668687
6585455 668686
7254141 668686
7922827 668686
7940399 927051
7957533 887332
8018838 779862
8042668 906500
8187083 587384
8388481 985140
8500208 831646
8591501 668671
8591503 668670
8591505 668669
8591507 668668
8591509 668667
8591511 668666
8591513 668665
9260178 668665
9928843 668665
9989995 960694
10022875 561854
10068550 741038
10089352 545533
10233012 660794
10300070 818244
10384791 575206
10840727 455933
10840729 455932
10840731 455931
10840733 455930
10840735 455929
10840737 455928
10840739 455927
11296666 455927
11752593 455927
11819468 810691
11830043 729450
12071282 915689
12077591 692544
12161351 944299
12162681 970793
12167320 774936
12208508 455912
12208510 455911
12208512 455910
12208514 455909
12208516 455908
12208518 455907
12208520 455906
12664426
4
5 5
8 3
9 4
11 3
14
99
990002 1000000
1979910 989905
1979912 989904
1979914 989903
1979916 989902
1979918 989901
1979920 989900
1979922 989899
1979924 989898
1979926 989897
1979928 989896
1979930 989895
1979932 989894
1979934 989893
1979936 989892
1979938 989891
1979940 989890
1979942 989889
1979944 989888
1979946 989887
1979948 989886
1979950 989885
1979952 989884
1979954 989883
1979956 989882
1979958 989881
1979960 989880
1979962 989879
1979964 989878
1979966 989877
1979968 989876
1979970 989875
1979972 989874
1979974 989873
1979976 989872
1979978 989871
1979980 989870
1979982 989869
1979984 989868
1979986 989867
1979988 989866
1979990 989865
1979992 989864
1979994 989863
1979996 989862
1979998 989861
1980000 989860
1980002 989859
1980004 989858
2969851 989868
3959720 989869
4949495 989772
4949497 989771
4949499 989770
4949501 989769
4949503 989768
4949505 989767
4949507 989766
4949509 989765
4949511 989764
4949513 989763
4949515 989762
4949517 989761
4949519 989760
4949521 989759
4949523 989758
4949525 989757
4949527 989756
4949529 989755
4949531 989754
4949533 989753
4949535 989752
4949537 989751
4949539 989750
4949541 989749
4949543 989748
4949545 989747
4949547 989746
4949549 989745
4949551 989744
4949553 989743
4949555 989742
4949557 989741
4949559 989740
4949561 989739
4949563 989738
4949565 989737
4949567 989736
4949569 989735
4949571 989734
4949573 989733
4949575 989732
4949577 989731
4949579 989730
4949581 989729
4949583 989728
4949585 989727
4949587 989726
4949589 989725
5939314
99
10 61
11 94
12 84
13 89
14 25
16 35
17 55
19 15
20 19
30 10
40 10
41 60
42 37
43 26
44 43
46 52
47 90
49 53
50 22
60 10
70 10
73 54
74 18
75 51
76 66
77 79
78 95
79 50
80 100
90 10
100 10
101 23
103 47
104 22
105 52
107 84
108 54
109 81
110 47
120 10
130 10
132 68
134 35
135 68
136 17
137 51
138 99
139 81
140 64
150 10
160 10
161 81
162 28
163 35
164 44
165 14
166 45
168 16
170 24
180 10
190 10
191 52
192 13
193 36
194 74
196 26
197 70
198 68
200 12
210 10
220 10
222 94
224 50
225 99
226 52
227 50
228 36
229 74
230 88
240 10
250 10
251 34
252 43
254 11
255 61
256 92
258 37
259 26
260 30
270 10
280 10
281 89
282 41
284 61
285 21
286 17
288 65
289 31
290 70
300
99
927831 1000000
1855648 927814
1855650 927813
1855652 927812
1855654 927811
1855656 927810
1855658 927809
1855660 927808
1855662 927807
2783469 927807
3711276 927807
4639069 927790
4639071 927789
4639073 927788
4639075 927787
4639077 927786
4639079 927785
4639081 927784
4639083 927783
5566863 927786
6494649 927786
7422421 927769
7422423 927768
7422425 927767
7422427 927766
7422429 927765
7422431 927764
7422433 927763
7422435 927762
8350194 927765
9277959 927765
10205710 927748
10205712 927747
10205714 927746
10205716 927745
10205718 927744
10205720 927743
10205722 927742
10205724 927741
11133460 927746
12061206 927746
12988938 927729
12988940 927728
12988942 927727
12988944 927726
12988946 927725
12988948 927724
12988950 927723
12988952 927722
13916668 927728
14844396 927728
15772110 927711
15772112 927710
15772114 927709
15772116 927708
15772118 927707
15772120 927706
15772122 927705
15772124 927704
16699821 927711
17627532 927711
18555229 927694
18555231 927693
18555233 927692
18555235 927691
18555237 927690
18555239 927689
18555241 927688
18555243 927687
19482929 927688
20410617 927688
21338291 927671
21338293 927670
21338295 927669
21338297 927668
21338299 927667
21338301 927666
21338303 927665
21338305 927664
22265968 927665
23193633 927665
24121284 927648
24121286 927647
24121288 927646
24121290 927645
24121292 927644
24121294 927643
24121296 927642
24121298 927641
25048938 927642
25976580 927642
26904208 927625
26904210 927624
26904212 927623
26904214 927622
26904216 927621
26904218 927620
26904220 927619
26904222 927618
27831840
99
614534 1000000
1229054 614517
1229056 614516
1229058 614515
1229060 614514
1229062 614513
1229064 614512
1229066 614511
1229068 614510
1843573 614515
2458088 614515
3072589 614498
3072591 614497
3072593 614496
3072595 614495
3072597 614494
3072599 614493
3072601 614492
3072603 614491
3687087 614498
4301585 614498
4916069 614481
4916071 614480
4916073 614479
4916075 614478
4916077 614477
4916079 614476
4916081 614475
4916083 614474
5530554 614477
6145031 614477
6759494 614460
6759496 614459
6759498 614458
6759500 614457
6759502 614456
6759504 614455
6759506 614454
6759508 614453
7373954 614460
7988414 614460
8602860 614443
8602862 614442
8602864 614441
8602866 614440
8602868 614439
8602870 614438
8602872 614437
8602874 614436
9217309 614436
9831746 614437
10446169 614420
10446171 614419
10446173 614418
10446175 614417
10446177 614416
10446179 614415
10446181 614414
10446183 614413
11060592 614417
11675009 614417
12289412 614400
12289414 614399
12289416 614398
12289418 614397
12289420 614396
12289422 614395
12289424 614394
12289426 614393
12903814 614398
13518212 614398
14132596 614381
14132598 614380
14132600 614379
14132602 614378
14132604 614377
14132606 614376
14132608 614375
14132610 614374
14746980 614378
15361358 614378
15975722 614361
15975724 614360
15975726 614359
15975728 614358
15975730 614357
15975732 614356
15975734 614355
15975736 614354
16590085 614359
17204444 614359
17818789 614342
17818791 614341
17818793 614340
17818795 614339
17818797 614338
17818799 614337
17818801 614336
17818803 614335
18433138
99
294316 1000000
588628 294309
588630 294308
588632 294307
882937 294309
1177246 294309
1471551 294302
1471553 294301
1471555 294300
1765854 294301
2060155 294301
2354452 294294
2354454 294293
2354456 294292
2648746 294294
2943040 294294
3237330 294287
3237332 294286
3237334 294285
3531618 294286
3825904 294286
4120186 294279
4120188 294278
4120190 294277
4414466 294278
4708744 294278
5003018 294271
5003020 294270
5003022 294269
5297289 294271
5591560 294271
5885827 294264
5885829 294263
5885831 294262
6180091 294264
6474355 294264
6768615 294257
6768617 294256
6768619 294255
7062872 294257
7357129 294257
7651382 294250
7651384 294249
7651386 294248
7945632 294250
8239882 294250
8534128 294243
8534130 294242
8534132 294241
8828373 294241
9122614 294241
9416851 294234
9416853 294233
9416855 294232
9711087 294232
10005319 294232
10299547 294225
10299549 294224
10299551 294223
10593772 294225
10887997 294225
11182218 294218
11182220 294217
11182222 294216
11476436 294218
11770654 294218
12064868 294211
12064870 294210
12064872 294209
12359079 294211
12653290 294211
12947497 294204
12947499 294203
12947501 294202
13241702 294203
13535905 294203
13830104 294196
13830106 294195
13830108 294194
14124301 294195
14418496 294195
14712687 294188
14712689 294187
14712691 294186
15006877 294186
15301063 294186
15595245 294179
15595247 294178
15595249 294177
15889426 294177
16183603 294177
16477776 294170
16477778 294169
16477780 294168
16771946 294170
17066116 294170
17360282 294163
17360284 294162
17360286 294161
17654447
1
200000000 300000000
400000000
99
233515 1000000
248320 973904
268497 738247
332423 755587
339447 985086
343385 617336
384211 914809
398828 538542
404380 647313
457481 629974
681431 223947
681433 223946
681435 223945
681437 223944
681439 223943
681441 223942
681443 223941
681445 223940
681447 223939
905384 223941
1129325 223941
1173236 891101
1175940 619953
1252149 932724
1262175 757656
1276170 547555
1280014 991489
1316615 763313
1320975 716545
1337400 810202
1545459 208056
1545461 208055
1545463 208054
1545465 208053
1545467 208052
1545469 208051
1545471 208050
1545473 208049
1545475 208048
1753517 208054
1961571 208054
1966222 936235
1975386 881833
2012548 876378
2019872 582878
2023876 563420
2079898 740904
2080754 534865
2124581 650130
2130444 947392
2169609 208035
2169611 208034
2169613 208033
2169615 208032
2169617 208031
2169619 208030
2169621 208029
2169623 208028
2169625 208027
2377652 208027
2585679 208027
2617428 923511
2631901 630220
2638254 673706
2682733 645102
2712963 967383
2746322 861072
2779805 807970
2784710 642887
2792841 776627
2793690 208008
2793692 208007
2793694 208006
2793696 208005
2793698 208004
2793700 208003
2793702 208002
2793704 208001
2793706 208000
3001702 208004
3209706 208004
3282717 825901
3295962 944097
3324138 685300
3335561 580873
3352579 776259
3365468 895877
3381126 861163
3407024 892292
3413367 872732
3617012 203642
3617014 203641
3617016 203640
3617018 203639
3617020 203638
3617022 203637
3617024 203636
3617026 203635
3617028 203634
3820662
99
223896 1000000
447788 223889
447790 223888
447792 223887
671678 223888
895566 223888
1119450 223881
1119452 223880
1119454 223879
1343333 223879
1567212 223879
1791087 223872
1791089 223871
1791091 223870
2014960 223871
2238831 223871
2462698 223864
2462700 223863
2462702 223862
2686562 223864
2910426 223864
3134286 223857
3134288 223856
3134290 223855
3358145 223855
3582000 223855
3805851 223848
3805853 223847
3805855 223846
4029701 223846
4253547 223846
4477389 223839
4477391 223838
4477393 223837
4701230 223837
4925067 223837
5148900 223830
5148902 223829
5148904 223828
5372730 223829
5596560 223830
5820386 223823
5820388 223822
5820390 223821
6044209 223823
6268032 223823
6491851 223816
6491853 223815
6491855 223814
6715667 223816
6939483 223816
7163295 223809
7163297 223808
7163299 223807
7387106 223807
7610913 223807
7834716 223800
7834718 223799
7834720 223798
8058517 223799
8282316 223799
8506111 223792
8506113 223791
8506115 223790
8729904 223791
8953695 223791
9177482 223784
9177484 223783
9177486 223782
9401266 223784
9625050 223784
9848830 223777
9848832 223776
9848834 223775
10072608 223776
10296384 223776
10520156 223769
10520158 223768
10520160 223767
10743926 223768
10967694 223768
11191458 223761
11191460 223760
11191462 223759
11415219 223761
11638980 223761
11862737 223754
11862739 223753
11862741 223752
12086493 223752
12310245 223752
12533993 223745
12533995 223744
12533997 223743
12757738 223745
12981483 223745
13205224 223738
13205226 223737
13205228 223736
13428964
99
253168 1000000
506242 253071
506244 253070
506246 253069
506248 253068
506250 253067
506252 253066
506254 253065
506256 253064
506258 253063
506260 253062
506262 253061
506264 253060
506266 253059
506268 253058
506270 253057
506272 253056
506274 253055
506276 253054
506278 253053
506280 253052
506282 253051
506284 253050
506286 253049
506288 253048
506290 253047
506292 253046
506294 253045
506296 253044
506298 253043
506300 253042
506302 253041
506304 253040
506306 253039
506308 253038
506310 253037
506312 253036
506314 253035
506316 253034
506318 253033
506320 253032
506322 253031
506324 253030
506326 253029
506328 253028
506330 253027
506332 253026
506334 253025
506336 253024
759323 253061
1012384 253061
1265351 252964
1265353 252963
1265355 252962
1265357 252961
1265359 252960
1265361 252959
1265363 252958
1265365 252957
1265367 252956
1265369 252955
1265371 252954
1265373 252953
1265375 252952
1265377 252951
1265379 252950
1265381 252949
1265383 252948
1265385 252947
1265387 252946
1265389 252945
1265391 252944
1265393 252943
1265395 252942
1265397 252941
1265399 252940
1265401 252939
1265403 252938
1265405 252937
1265407 252936
1265409 252935
1265411 252934
1265413 252933
1265415 252932
1265417 252931
1265419 252930
1265421 252929
1265423 252928
1265425 252927
1265427 252926
1265429 252925
1265431 252924
1265433 252923
1265435 252922
1265437 252921
1265439 252920
1265441 252919
1265443 252918
1265445 252917
1518362
23
10 30
11 61
12 15
13 85
14 90
15 61
16 71
17 49
18 36
19 44
20 25
30 10
40 10
41 57
42 95
43 30
44 25
45 29
46 42
47 55
48 28
49 25
50 89
60
1
10 25
25
7
10 10
15 5
20 9
25 5
30 10
35 5
40 10
49
2
10 10
11 10
20
99
921112 1000000
1842190 921075
1842192 921074
1842194 921073
1842196 921072
1842198 921071
1842200 921070
1842202 921069
1842204 921068
1842206 921067
1842208 921066
1842210 921065
1842212 921064
1842214 921063
1842216 921062
1842218 921061
1842220 921060
1842222 921059
1842224 921058
2763269 921071
3684340 921071
4605377 921034
4605379 921033
4605381 921032
4605383 921031
4605385 921030
4605387 921029
4605389 921028
4605391 921027
4605393 921026
4605395 921025
4605397 921024
4605399 921023
4605401 921022
4605403 921021
4605405 921020
4605407 921019
4605409 921018
4605411 921017
5526411 921034
6447445 921034
7368445 920997
7368447 920996
7368449 920995
7368451 920994
7368453 920993
7368455 920992
7368457 920991
7368459 920990
7368461 920989
7368463 920988
7368465 920987
7368467 920986
7368469 920985
7368471 920984
7368473 920983
7368475 920982
7368477 920981
7368479 920980
8289446 920992
9210439 920993
10131398 920956
10131400 920955
10131402 920954
10131404 920953
10131406 920952
10131408 920951
10131410 920950
10131412 920949
10131414 920948
10131416 920947
10131418 920946
10131420 920945
10131422 920944
10131424 920943
10131426 920942
10131428 920941
10131430 920940
10131432 920939
11052355 920955
11973310 920955
12894231 920918
12894233 920917
12894235 920916
12894237 920915
12894239 920914
12894241 920913
12894243 920912
12894245 920911
12894247 920910
12894249 920909
12894251 920908
12894253 920907
12894255 920906
12894257 920905
12894259 920904
12894261 920903
12894263 920902
12894265 920901
13815166
3
5 5
7 5
9 5
21
99
10 98
11 69
12 72
13 61
14 93
15 33
17 62
18 22
19 40
28 9
37 9
38 52
39 70
40 31
41 82
42 14
43 28
44 76
45 66
53 7
61 8
62 70
63 83
64 72
65 23
66 97
67 53
68 13
69 15
77 8
85 8
86 66
87 11
88 81
89 72
90 10
91 100
92 47
93 84
101 8
109 8
110 51
111 35
112 16
113 59
114 28
115 39
116 44
117 91
125 8
133 8
134 42
135 58
136 64
137 56
138 52
139 13
140 70
141 81
149 8
157 8
158 79
159 61
160 74
161 88
162 42
163 29
164 84
165 44
173 8
181 8
182 64
183 56
184 61
185 27
186 54
187 37
188 87
189 49
197 8
205 8
206 89
207 74
208 84
209 93
210 43
211 76
212 44
213 22
221 8
229 8
230 83
231 36
232 93
233 43
234 85
235 18
236 12
237 30
245
99
12971 1000000
13096 594046
17465 874082
17725 635468
21277 972862
25936 12962
25938 12961
25940 12960
25942 12959
38901 12959
51860 12959
54246 675168
61652 535516
61907 818875
64365 584765
76864 12496
76866 12495
76868 12494
76870 12493
89361 12495
101856 12495
106220 632592
106874 774196
110387 549114
112341 895521
114345 12486
114347 12485
114349 12484
114351 12483
126834 12483
139317 12483
139341 507669
145153 787102
146497 946959
148768 861636
158213 9442
158215 9441
158217 9440
158219 9439
167657 9440
177097 9440
177229 872188
180045 774362
183623 722985
185031 523183
186531 9431
186533 9430
186535 9429
186537 9428
195964 9429
205393 9429
206442 679275
206697 963002
206914 759609
207388 746848
214816 9420
214818 9419
214820 9418
214822 9417
224239 9417
233656 9417
233850 646553
238082 627452
238324 905063
240469 751548
243067 9408
243069 9407
243071 9406
243073 9405
252475 9408
261883 9408
265910 868142
266922 784043
269104 709883
269516 613005
277143 7624
277145 7623
277147 7622
277149 7621
284768 7623
292391 7623
294028 541735
294822 525390
296368 646548
296784 695047
300008 7614
300010 7613
300012 7612
300014 7611
307625 7611
315236 7611
315638 940692
316649 712367
320032 773044
321649 959139
322841 7602
322843 7601
322845 7600
322847 7599
330446
7
10 10
15 5
20 9
25 5
30 10
35 5
40 10
45
2
10 10
11 10
21
5
100 100
105 5
110 5
112 2
114 2
120
