100
10
28 82 40 90
62 7 85 32
62 6 67 49
7 12 44 53
62 15 99 50
52 4 56 99
48 62 83 93
15 24 33 60
14 2 18 97
40 65 58 97
10
32 28 69 61
28 31 46 81
48 35 74 42
97 4 99 99
46 9 60 39
23 2 25 97
88 25 94 40
5 39 36 80
53 4 53 99
43 62 81 78
10
13 3 13 8
3 3 3 8
23 3 23 8
3 18 8 18
3 8 8 8
18 3 18 8
8 3 8 8
3 13 8 13
3 23 8 23
3 3 8 3
10
73 51 94 86
60 11 81 13
60 42 84 51
84 22 89 30
49 34 78 59
81 3 88 90
73 10 82 55
46 16 72 35
71 51 84 93
44 78 78 95
10
3 63 40 67
81 3 86 98
1 39 35 80
75 18 94 41
74 11 93 63
65 70 84 70
51 58 82 74
16 4 26 99
62 3 70 98
12 21 51 32
10
26 40 60 78
81 24 94 93
43 44 63 86
11 2 17 97
65 56 73 90
57 6 89 10
46 9 66 63
13 88 43 97
53 1 61 94
47 16 73 53
10
54 79 90 93
55 22 80 51
70 11 81 92
40 3 40 98
19 11 33 50
29 4 37 99
29 41 65 81
57 2 63 97
14 25 23 57
43 16 67 34
10
17 21 45 63
21 8 41 71
30 86 44 86
30 94 37 98
44 30 73 62
64 8 92 29
73 2 76 97
76 10 96 21
39 14 61 71
2 30 36 58
10
13 58 43 71
3 10 22 63
31 1 39 96
66 72 91 82
3 2 3 97
30 25 46 38
43 14 67 42
39 19 57 58
41 41 61 75
10 10 39 37
10
22 31 51 33
58 46 89 91
27 73 46 78
57 8 65 88
24 56 36 97
2 90 37 95
48 6 62 95
69 6 87 81
39 15 63 43
20 2 26 97
10
28 60 64 96
1 5 27 54
18 53 46 59
3 6 14 67
56 41 84 66
35 15 66 40
36 1 49 96
88 18 95 93
24 2 30 97
43 4 43 99
10
50 46 89 74
33 32 57 66
74 21 91 44
75 15 87 55
15 16 36 80
8 18 18 87
46 49 72 96
28 34 48 85
50 57 85 85
55 9 75 32
10
2 18 36 48
18 40 52 77
48 30 77 79
14 49 44 72
45 55 80 89
20 8 37 85
50 3 57 98
19 2 23 97
12 42 48 70
23 20 43 86
10
47 64 86 68
44 1 52 73
68 25 97 69
23 18 37 84
2 56 24 98
52 21 89 46
61 35 96 69
47 48 70 74
89 3 93 98
54 17 86 64
10
33 3 42 98
45 1 66 52
55 35 94 61
8 3 24 79
27 24 42 83
67 11 89 73
44 53 83 61
66 43 83 59
37 1 41 96
27 2 56 35
10
22 19 35 48
10 26 29 29
33 22 70 60
32 4 43 99
1 47 23 89
40 66 76 69
15 10 43 54
9 15 41 42
25 53 59 59
70 35 81 86
10
17 2 22 97
5 42 34 61
20 49 51 97
17 26 38 33
32 2 47 23
82 3 84 98
11 6 41 35
35 21 63 58
24 4 31 99
32 1 50 57
10
90 1 95 96
17 35 42 50
8 1 11 96
68 4 83 90
3 1 7 96
6 3 42 7
52 26 65 84
34 36 45 38
33 33 54 92
59 10 68 99
10
29 11 52 31
12 2 14 97
63 22 89 67
15 2 46 37
14 53 44 71
50 13 68 36
17 62 43 68
37 54 66 83
60 46 81 77
49 26 75 82
10
57 3 66 98
29 3 30 98
72 15 82 58
40 8 44 90
22 2 28 97
30 39 48 73
32 5 57 23
60 22 62 59
28 7 40 82
3 10 34 40
10
87 3 93 98
54 19 93 46
48 3 73 49
40 78 49 93
11 1 24 96
21 27 59 32
28 32 35 72
53 6 80 59
59 3 63 98
46 80 64 83
10
9 86 26 95
49 8 60 59
69 17 96 37
64 40 83 44
54 49 72 89
63 29 79 73
13 56 43 81
55 11 84 53
32 46 65 83
60 15 76 83
10
60 40 66 72
41 17 60 52
27 71 37 81
34 17 62 54
20 67 52 79
46 5 78 34
78 12 97 13
48 4 63 71
25 59 56 65
50 64 59 99
10
37 49 58 54
71 21 96 22
65 35 86 76
8 19 23 98
17 39 25 82
57 3 62 98
95 2 95 97
66 29 97 29
85 2 88 97
41 55 57 76
10
51 39 78 89
13 63 50 86
36 3 67 27
6 1 15 96
47 20 54 86
57 46 88 73
76 46 93 86
28 40 47 47
5 29 17 86
28 1 42 95
10
64 22 97 59
66 15 93 64
68 1 81 96
30 1 31 96
61 3 67 98
47 2 52 97
18 1 25 96
52 68 56 90
78 7 98 55
42 2 43 97
10
20 3 35 26
28 4 28 99
46 23 53 28
64 1 73 87
45 25 59 26
17 22 40 80
69 2 72 97
9 36 45 64
53 6 71 67
38 48 68 96
10
10 58 35 65
62 45 95 72
77 2 87 97
80 68 91 68
88 2 92 97
35 4 44 45
50 19 68 45
63 56 74 71
27 36 64 65
45 54 58 94
10
17 4 29 95
61 53 79 64
92 2 95 97
26 43 40 97
17 36 42 90
48 4 59 71
12 16 23 94
65 3 66 98
48 1 80 23
52 16 88 32
10
6 14 39 34
10 16 31 69
37 25 75 33
55 12 90 28
38 42 73 85
19 15 44 66
75 23 98 84
6 62 30 85
79 62 92 95
31 40 51 66
10
66 41 98 84
69 67 97 70
19 54 56 72
8 79 27 85
44 15 70 61
87 26 95 92
53 32 84 76
1 49 40 73
38 3 51 98
5 30 28 67
10
5 20 24 85
9 17 46 34
39 57 78 68
27 85 47 92
11 50 42 81
69 1 75 96
37 4 52 99
84 3 86 98
59 43 79 54
63 44 91 52
10
27 25 55 42
77 4 78 98
56 1 56 96
17 61 44 92
31 82 56 88
67 45 98 65
47 34 71 94
48 76 85 88
57 36 75 70
27 18 66 41
10
25 44 64 66
5 2 10 97
63 80 90 99
60 3 63 98
4 42 28 71
26 3 62 11
39 24 55 86
46 36 63 79
31 5 70 31
51 21 68 97
10
31 64 39 90
75 4 81 99
16 5 32 90
21 56 59 93
23 11 37 92
81 4 84 99
22 46 41 59
21 18 59 29
93 48 99 86
44 15 79 45
10
4 82 15 93
32 4 38 99
31 2 34 97
40 29 66 47
64 20 84 67
61 32 89 47
21 21 55 64
75 1 86 96
27 47 60 78
42 1 80 7
10
28 33 46 97
85 87 99 91
17 4 21 99
1 22 7 96
37 86 62 92
51 60 80 75
51 57 79 75
81 36 98 78
48 16 76 68
69 13 82 59
10
19 55 58 55
17 30 51 64
79 10 98 46
8 2 8 97
21 67 58 70
39 2 39 97
4 27 22 71
74 1 82 47
2 5 27 60
17 58 55 81
10
68 32 96 76
25 4 39 85
78 47 89 78
2 32 15 86
24 52 52 98
21 48 42 96
65 3 73 98
5 3 7 98
34 75 64 81
16 24 18 94
10
38 15 62 50
23 45 58 76
20 8 29 83
5 16 25 24
15 7 26 95
44 74 73 74
9 27 39 75
55 37 91 66
3 2 10 97
7 22 16 74
10
24 19 33 39
61 50 82 50
26 39 42 69
76 31 95 52
28 21 48 21
4 45 28 76
74 4 80 99
69 38 89 89
12 30 27 77
41 26 79 38
10
33 21 69 58
60 44 89 80
48 5 65 86
64 32 95 81
11 3 41 46
43 4 62 73
64 1 70 96
27 39 63 58
7 35 18 98
58 3 65 98
10
11 38 47 76
84 1 95 96
9 72 36 97
25 47 51 49
70 6 88 85
45 44 77 77
66 48 80 72
70 2 71 97
43 72 73 91
98 4 98 99
8
12 10 15 13
9 1 12 4
15 7 18 10
9 7 12 10
15 1 18 4
6 4 9 7
12 4 15 7
6 10 9 13
10
77 68 84 69
25 55 40 82
37 6 60 43
86 1 88 96
2 8 20 62
66 17 97 58
52 1 74 62
62 2 76 97
64 27 76 74
14 9 33 69
10
68 4 76 99
20 4 35 94
67 40 98 85
71 2 76 97
5 95 24 96
75 2 94 41
1 1 13 96
44 3 52 98
59 15 70 19
19 27 34 72
10
87 66 87 66
53 55 53 55
89 98 89 98
96 25 96 25
78 96 78 96
88 36 88 36
27 7 27 7
22 28 22 28
26 74 26 74
76 94 76 94
10
65 3 69 98
40 87 79 98
20 48 47 95
31 51 66 61
23 30 44 94
44 10 70 63
50 31 73 96
70 26 87 96
14 63 41 85
42 36 79 38
10
31 38 56 94
40 11 56 96
40 39 65 46
12 27 41 47
66 76 89 87
35 53 57 76
53 4 61 99
91 2 94 97
86 3 88 98
55 3 87 44
10
43 44 74 83
7 14 23 15
3 58 37 73
33 35 70 55
3 21 40 60
26 32 53 43
50 4 50 99
54 18 69 24
26 22 39 78
1 28 24 80
10
89 1 92 96
14 25 29 65
49 3 65 78
9 56 28 79
38 20 60 61
47 66 86 67
40 36 66 80
59 4 59 99
11 49 47 75
47 54 83 75
10
2 7 16 58
71 23 80 98
25 3 28 98
57 16 76 66
38 25 57 91
37 71 75 84
6 56 35 83
56 19 94 28
71 5 83 71
3 36 11 84
10
59 47 74 82
6 78 37 89
39 59 63 86
38 53 73 75
70 29 92 81
66 31 71 80
51 58 85 78
33 43 60 68
16 49 33 89
8 14 17 91
10
65 33 73 94
65 21 83 86
86 57 95 99
67 44 88 66
97 4 97 99
16 26 40 77
64 39 95 61
27 30 42 94
31 32 50 57
13 4 13 99
10
17 45 41 71
33 21 72 45
12 33 44 35
14 66 47 89
14 7 39 59
49 2 52 97
55 78 91 97
3 3 3 98
81 20 95 96
46 10 50 81
10
20 91 33 94
68 17 99 39
57 52 94 86
78 4 80 60
18 54 57 66
25 36 61 75
3 68 35 74
79 2 96 63
48 17 83 32
72 51 93 76
10
48 66 83 68
56 74 92 96
21 16 38 79
57 42 70 72
46 16 54 97
60 5 81 75
50 51 57 97
57 8 96 25
2 2 6 97
42 54 78 89
10
55 50 93 79
42 16 62 87
71 7 93 62
44 30 78 57
20 12 44 73
86 15 90 32
48 15 55 64
65 57 93 70
15 25 34 56
71 4 72 99
10
13 3 29 89
79 2 94 82
37 66 44 97
17 35 35 68
37 98 51 99
43 51 76 53
70 30 94 31
62 17 97 23
50 10 55 82
28 40 67 41
10
20 18 43 37
54 2 71 10
45 2 53 97
85 1 95 96
17 3 25 98
74 54 99 91
26 4 40 99
59 94 67 99
13 11 25 96
15 8 52 37
10
6 92 31 98
10 14 26 96
22 42 61 64
17 61 23 81
30 16 64 32
49 1 57 96
24 15 46 81
27 3 65 22
69 1 71 96
30 23 57 24
3
2 2 4 2
2 3 2 4
5 1 5 1
10
33 6 64 30
20 40 48 41
47 3 78 47
8 1 37 11
20 67 52 75
49 86 63 92
74 12 96 80
75 2 81 97
8 22 34 54
72 23 85 98
10
63 41 99 53
52 31 80 56
59 12 67 94
48 61 66 90
33 2 49 95
55 5 67 79
26 3 30 98
35 83 55 83
15 13 30 75
60 51 98 69
10
87 8 95 50
50 39 75 47
65 2 68 97
10 43 21 78
9 24 31 67
13 15 49 43
2 1 5 96
44 17 57 73
51 48 84 80
48 8 57 96
10
4 62 21 95
29 73 58 90
29 53 43 69
30 4 32 99
22 2 26 97
40 3 51 98
20 4 27 99
14 2 18 77
44 6 65 70
7 6 21 70
10
65 5 89 59
79 2 91 97
7 12 34 42
41 67 65 94
68 3 75 98
66 52 82 78
74 4 77 99
51 71 85 95
65 34 97 34
34 88 52 93
10
53 14 82 56
23 14 33 21
21 1 55 32
36 12 74 46
62 1 73 87
39 20 60 40
43 55 73 69
53 7 75 73
52 29 79 68
1 27 31 68
10
55 28 55 45
100 1 100 18
66 73 83 73
55 32 72 32
16 1 16 18
78 60 78 77
59 45 76 45
67 34 67 51
100 12 100 12
13 1 30 1
10
57 3 64 98
2 28 38 61
48 26 83 60
18 4 26 99
32 10 69 34
28 17 67 37
93 63 98 83
16 51 53 64
49 10 65 87
2 37 18 91
10
66 2 92 13
60 27 76 77
28 13 48 66
3 53 37 83
58 2 64 97
1 18 25 55
40 64 66 81
65 45 77 64
24 22 48 64
7 5 23 53
10
77 1 83 96
23 10 53 37
60 27 77 90
32 4 43 99
18 47 35 59
35 18 41 37
80 37 98 68
58 83 81 89
57 9 93 12
29 22 39 61
10
8 50 42 51
4 32 43 56
42 21 56 28
17 35 42 65
55 22 74 97
10 3 10 98
9 64 26 73
33 25 71 50
79 32 83 85
71 6 89 68
10
7 2 18 97
61 23 84 83
25 24 42 71
2 6 24 66
40 50 76 58
6 84 29 99
33 47 57 51
21 9 34 50
51 66 82 80
99 3 99 98
10
82 1 93 96
2 3 11 98
39 74 68 99
36 17 58 36
36 80 65 96
61 66 95 80
66 21 91 41
64 38 70 52
58 4 79 8
28 17 62 29
10
45 70 78 81
54 1 70 31
7 2 17 97
45 17 57 87
19 65 55 86
52 1 55 96
1 54 31 93
26 4 28 99
67 1 82 18
38 19 58 82
10
91 3 91 98
74 1 98 18
37 2 47 97
32 17 65 61
53 9 73 21
67 3 67 98
3 30 26 82
57 34 87 64
51 2 68 37
5 3 18 94
10
8 75 35 93
3 14 28 38
70 40 87 86
7 56 45 84
46 16 82 57
47 37 82 40
37 68 60 68
14 15 34 62
11 77 23 98
40 61 76 69
10
3 3 6 98
65 1 71 96
4 1 14 96
20 26 38 99
6 42 33 55
59 36 91 74
2 23 38 54
6 10 30 17
34 2 39 97
5 52 19 76
10
69 4 70 99
96 1 98 96
23 12 39 74
13 58 38 99
45 19 57 77
35 14 52 61
50 45 81 56
67 8 95 50
50 11 69 55
68 8 78 99
10
62 4 62 99
38 23 64 44
24 36 54 75
50 62 89 98
24 76 42 93
28 30 63 59
55 14 88 44
78 13 95 16
27 2 28 97
43 63 75 84
10
40 27 65 84
24 1 46 47
55 2 60 97
22 28 45 72
42 3 43 98
38 30 55 77
84 1 90 96
11 9 14 38
50 48 77 82
42 62 75 92
10
37 28 65 69
34 89 61 99
43 10 67 64
43 4 51 99
84 3 91 98
49 17 73 22
75 1 87 96
6 55 31 56
38 6 56 58
76 3 81 90
10
40 7 42 85
74 3 80 98
21 2 22 97
75 26 94 70
71 7 71 52
40 11 58 83
49 3 50 98
78 29 94 90
50 48 75 64
42 4 44 99
10
18 14 41 73
43 6 77 14
25 5 37 99
17 53 45 90
32 85 50 91
95 2 97 97
51 69 57 86
35 13 40 83
66 3 96 50
41 22 80 57
10
20 50 59 53
36 10 61 53
22 35 60 67
41 12 58 87
72 9 86 66
17 49 50 85
42 13 52 85
9 3 9 98
61 6 91 18
38 76 67 77
10
72 24 77 97
58 6 83 13
72 60 94 96
70 52 96 98
73 3 81 98
39 11 67 61
71 4 73 99
44 37 74 71
20 2 33 97
68 24 78 87
10
14 41 45 45
1 4 14 99
29 55 49 55
2 34 29 84
25 64 53 79
46 10 77 40
39 2 42 97
8 3 18 98
61 40 93 84
63 30 85 32
10
63 3 66 98
54 59 84 91
25 57 59 92
75 1 91 83
75 34 97 97
58 33 70 69
13 2 14 97
73 43 98 63
60 10 77 95
72 2 86 72
10
43 20 79 45
78 47 97 88
35 1 43 96
21 15 37 97
53 30 87 41
33 25 54 26
24 18 55 41
3 2 30 43
38 24 71 61
48 33 82 36
10
14 48 34 99
44 20 52 98
46 82 59 90
33 5 51 20
37 3 44 97
27 55 51 85
64 28 98 33
1 28 32 74
3 10 42 16
74 3 92 76
10
39 43 65 98
63 64 93 64
14 29 22 81
20 12 45 65
85 7 91 95
37 4 48 99
54 3 58 98
21 77 51 85
14 1 30 48
85 48 96 95
10
61 3 65 98
14 17 35 60
3 18 34 51
5 93 21 99
8 4 13 99
83 18 93 53
64 2 70 97
42 73 73 79
16 2 22 92
6 48 41 50
10
34 33 60 61
44 13 62 77
46 51 84 77
56 13 76 72
8 2 14 97
22 40 55 67
30 9 55 65
63 49 91 49
30 45 53 93
63 53 87 57
10
3 3 19 83
68 2 70 97
32 24 60 44
23 10 42 31
78 23 81 49
42 54 72 96
52 4 73 30
15 7 36 59
42 2 48 97
33 52 60 73
1
1 100 100 100
10
34 46 66 87
66 54 81 66
54 43 80 62
49 8 65 46
69 1 77 96
6 42 40 56
39 18 67 52
16 6 21 93
32 8 65 39
52 70 74 71
10
40 5 77 43
84 21 99 96
50 60 87 71
49 4 55 99
14 67 46 77
10 4 19 99
15 2 20 97
1 4 6 99
21 90 60 95
32 80 70 81
10
24 18 39 79
25 9 57 36
1 19 35 28
50 15 81 33
43 2 51 97
67 21 83 44
7 2 12 97
38 27 76 57
61 57 99 64
67 11 80 68
10
40 47 61 74
52 3 55 98
22 51 55 67
23 41 54 85
85 50 92 52
6 20 38 21
5 31 42 54
55 65 93 79
51 2 58 97
11 26 46 26
